-0.187426721170145 0
0.378799149696772 1
-0.293355767595289 0
-1.35536388383531 1
0.997395087555652 1
-0.346146294102486 1
-0.416325106889551 0
0.950345950383686 1
-1.16273228437009 0
-0.73601881451479 0
-1.35026046353361 0
-1.62847944473679 0
0.687496209652962 0
-0.627844734820306 0
-0.742860012179661 0
1.38894463744451 0
0.54023465295436 1
-0.27856524551183 1
-0.639264304903497 1
-0.630037289847891 0
-0.552834067623075 1
-0.0490979710718384 1
-0.692874485904789 0
0.235805730629866 0
0.507279527958934 0
-0.722324747982816 0
-0.918289933037711 0
1.2591061556462 0
-1.21786901497399 0
-0.51023919359823 0
-1.48543664440087 0
-0.760340693043775 1
0.504602733634213 1
-2.20204964972885 0
-0.225706527620298 1
-0.196039904383288 0
-1.18848265058551 0
0.638103533611789 1
0.558987323098698 0
0.119847017611816 1
0.413970486908714 1
-0.225176305661132 0
0.221633219263767 1
-2.06528920869298 1
0.309206657427163 1
1.14018856771711 1
0.906628452508165 1
0.714814287995753 0
0.588749874459773 1
-0.0904600481537655 1
0.475583441142224 0
-0.975756544889939 1
0.0625881124264801 1
0.165392628120307 0
-0.00581875001649038 0
-2.3419217931526 1
0.316623271740141 1
0.289072703032372 0
1.86851972397238 1
0.474945261318006 0
0.823896015360401 1
-0.775666442513449 0
0.94003150602645 0
0.715619806807273 0
-1.16495824176168 0
1.45625098205213 1
1.17947458519045 1
-0.565288176069082 0
0.0394220225943533 1
-1.95131622457408 1
0.0941760853926946 0
0.728249498537433 0
-0.00815585509585747 1
-1.7019185575844 1
0.786873388907818 1
-0.390004294284589 1
0.745762251070604 0
-0.225597870597402 1
0.591757915666209 1
0.279916791911423 1
-0.0562708961585632 0
-0.166264354793092 0
-0.32008855983533 1
1.54399537500116 0
0.470469854299195 0
-1.07045215197603 0
0.8758294625472 1
-0.573006821269092 1
1.37519992104938 1
0.00230181625672281 1
0.4987117004844 1
0.271234286784185 1
-1.14654728976902 0
0.546777568628378 0
1.02624761127681 0
-0.164554892185664 0
0.802875563961693 1
-0.893778222908838 0
0.756617663661533 1
0.859889392102868 0
0.771882758518912 1
2.68818858696334 0
-1.13933534718308 0
1.69857212268659 1
-0.603951772150512 0
-0.398958406563134 0
-1.11403649018126 0
0.509208327659621 1
-0.463041147089292 1
0.75117545294214 0
-0.253132814694174 0
0.792486798512167 1
0.995280758565613 1
0.613032559762926 1
2.24672933958881 0
1.11348382664174 0
0.00658173789640552 1
0.94651911839305 1
-0.976979816013488 0
-1.25708617115843 1
-0.118185559705348 0
-0.829664455517881 0
1.02965156188802 0
0.334564261299967 1
-0.287656752383472 1
0.684682144045023 0
0.280345440038399 0
1.64480923466838 0
0.481215487692178 0
0.592764534470604 0
0.616812211567479 0
0.967781292036675 0
-0.025399395289102 1
-1.19408307663537 1
0.611578993650505 0
0.699711684804601 1
0.870133498319094 1
1.42283796776949 1
-0.128719751981067 1
1.22739760903506 0
-0.187247479700075 0
1.86263649475086 0
-0.990890980979486 0
0.0701455043453216 0
1.05810371806858 0
-2.44193146940823 1
0.763685383540749 0
-0.180297763046572 1
0.24637425032973 0
-1.24873237930437 0
0.483394795582848 1
-0.975807635371157 1
-0.389218900487558 1
0.278931078288341 0
0.304742932586073 0
0.870558258789903 0
0.126597110556296 1
-0.777066176564011 1
-0.33895928675998 0
0.185886766410451 0
0.20584584381215 1
-2.28604380758877 1
2.01451043123225 1
2.2326895746821 0
-0.145741055271193 0
-0.817721577655111 1
-0.802305719059339 1
-0.38564371623657 0
-0.309527580786607 1
-0.071453929562212 0
-1.87404599621831 1
-0.573570888984792 1
1.32633273482896 0
-0.556985982835408 0
-0.0860457019490485 1
0.0510474281723421 1
-0.10475447359657 1
1.35192118670041 0
-0.774617806936211 1
0.417665749604184 1
1.03623707787687 1
-0.109690124664894 0
-1.00269047364526 0
-0.810771167789382 1
-0.482816851209246 1
0.898503130177755 0
0.286492073058512 1
1.57152234759038 1
-0.650554807405312 1
-0.319917378092358 0
0.479849549839277 1
-0.85540563534296 0
0.420656176552441 0
0.505532860578141 1
-0.463054105329458 1
-1.34278798895001 0
-0.274708239007487 1
-0.0867303244318884 0
-0.782330664460686 1
-1.83365103894374 0
0.71425356488011 0
0.566218359330166 1
-2.0253728485239 0
-0.753399972255232 0
-0.477859996858939 1
-1.050749349215 1
-0.521749487605571 0
1.30856457731272 0
0.57419013935061 0
0.0831608264381147 1
0.480046736789486 1
-1.58169909861447 1
1.14120572633863 1
-0.52286496334727 0
-0.907610899759071 1
1.27367851104052 1
1.19405151046982 1
0.821621681908092 1
-0.778990607783204 0
1.04466705385712 0
-0.478728415784777 1
0.555093758605697 1
-0.968563917956854 0
0.516669406132304 0
0.0700244155535866 0
0.164262134636124 0
-1.30933241750093 1
-2.51098730205429 0
0.824799043951916 1
-1.05135846079377 1
-0.7615501700909 1
-0.0537652567982705 0
-0.661542624422229 1
-0.313791505614499 0
0.197402762303046 1
0.629219866375578 0
0.985646159725795 0
-0.123426684636123 0
-2.0464418358243 0
-0.133067814748892 1
0.560819272445456 0
-0.740680935746701 0
-0.611373649301012 1
0.409777627088015 0
2.22390233326319 0
0.706951008222815 1
-0.769164668760296 1
-0.943025025270082 0
-0.669772400714167 1
-1.36017670250848 1
-1.15651931996702 0
-0.75549721295437 0
-1.69237889883914 1
0.290361097450826 0
1.60262440688318 1
0.840145702653655 1
-0.419941075306656 0
-0.591709703953064 1
-0.595557901506602 1
-0.919842455393831 1
1.53255721424172 0
-0.531928779022863 0
-1.5947454817786 0
0.978310165313075 0
-1.1473484233235 0
-0.58344476466384 1
-0.630571134160027 1
-0.370524303023037 0
1.11205737016324 1
0.00477205118249568 1
-0.915958206079573 0
-0.177364439447549 0
-1.20279918324883 0
2.21897998256937 0
0.976928014024576 1
0.612088175654447 1
1.56046324083868 0
1.15285297394471 1
-0.172696654493315 1
-0.830222016205985 0
-1.27339127452498 0
-0.305246625740804 1
1.70245863830015 0
0.554175173461923 0
0.2196595071226 0
0.370828353811574 0
0.679689039754549 0
0.970104952134076 0
-1.23747581632418 0
-0.287365667826337 0
0.671242699663125 1
-2.46399376715563 0
-0.0840673553278975 0
0.506925628509713 1
0.384119095699782 0
-1.93770953297703 0
-0.0166591458143692 1
-1.0657066469683 1
-0.368418774431791 0
-1.42577985450376 0
-0.12478833196089 1
-0.706443020610048 1
0.0166115220756938 0
3.03234654446584 1
-0.815261834045584 0
-1.33877724243065 0
-0.116214843307616 0
-2.00778921333274 0
-1.47722798008675 1
-0.134287237202059 0
0.546208385561074 0
0.155650190537259 1
-1.22513544046228 0
-0.884703522107382 0
1.2879402984643 0
-1.44462061772577 1
0.243762631913387 1
0.534040517259507 1
-0.00934812249915724 0
0.223287973505423 1
1.33144195869559 1
0.616435118640761 1
-0.352858837078734 1
-2.64045938666683 0
-0.46955977057123 1
-1.67585232726463 0
-0.107780850164109 0
-1.57666020020766 0
-0.165088164335092 1
-0.719298758910859 1
0.0604299877988864 0
-0.0844623302211679 0
0.822468481189973 1
2.28850561964084 0
0.462389134459303 0
0.448193209432897 0
-0.103155723676228 0
-0.611343197454526 1
-1.56431057182697 0
0.856350049633765 1
-0.203784338156789 0
0.691242039541521 1
0.361461675772454 0
0.250905191104648 1
0.955192784251106 1
1.16214786586243 1
-1.48243038847696 1
0.562363714984081 1
0.855440555788648 1
-0.720365823253506 1
1.16731254225225 1
0.461003721571341 0
-1.06127709678578 0
-0.152084385411939 0
1.07313932517334 1
-0.948357382349865 1
1.34621216072625 0
1.28826482376743 1
-0.343061377200582 1
-1.53079493406511 0
0.963423048368961 0
-0.357154099702428 0
1.07415475826927 0
-1.32556694807312 0
0.9247957525986 0
-1.74448732199757 0
1.39262018789638 0
-1.23856867203989 0
-0.187882615696276 0
0.101246544493081 0
-0.306415411160128 1
0.996488739738045 1
-0.132260795277814 0
1.06872680158455 0
-0.250450527177445 1
-1.21966813826233 1
-3.04820818400859 1
0.558869530525217 1
-0.304331458266022 1
0.91952262319261 1
-1.27750729938321 1
1.14511192895593 0
-0.732952771784776 1
-0.225324520304628 1
0.572375567675844 1
-0.355794780271127 1
-0.616937031657152 1
0.48385703505967 1
1.18767754202222 1
-0.118552776967994 0
-0.170027097466793 1
0.0588816286856968 0
0.574092167307132 0
1.04543567260664 1
1.04453204377734 0
0.911121887090941 0
-0.337183515947126 1
-0.540535728177862 0
2.12694318199979 0
0.179759257928511 0
1.10820567594823 0
-0.969430626649389 0
0.00958152084441489 1
0.292741104874689 1
-0.243912680465431 0
-0.869081615081939 1
-1.01336926903063 0
2.35277200976613 1
0.0172271040673087 0
-1.17246685322632 0
-0.798592220096783 0
0.196891477614089 1
-0.00642384688087667 0
0.229461918041084 0
1.53169610206832 1
-0.328987550438205 1
-0.909936057714654 1
-0.886560416014517 0
2.0629938240808 0
1.75720874552588 0
-0.789428651729281 0
-0.972045612100179 0
0.615901034587456 1
-0.172280960801163 1
-0.931476019626958 1
0.594540740224523 1
0.639094897118224 0
-1.55062109998947 1
0.0591246837312222 0
1.41930940383876 0
1.040776586138 1
0.6830054403733 1
-0.581412396254685 0
-0.392174954241888 1
1.38128626011363 1
-1.7534069524582 1
-0.781409734857975 0
0.823049293402831 0
-0.073033282420149 0
0.748469755682699 0
-0.313386722173832 1
0.165069279658575 1
-0.243204233303079 1
-0.0507386354541442 0
0.163903336388212 0
0.142764120068765 1
1.7749205921086 0
0.575461669909867 1
-1.04368200417085 0
-1.04280375976027 1
0.203849340828331 1
-1.19784095179269 0
0.505366795667456 1
0.5338642398162 1
1.13882387331914 0
0.913524412903687 0
-2.49264019488263 1
0.499280446914826 1
2.38835148790224 1
-2.13242441453469 1
-0.925816557412593 0
-0.058910039511305 1
0.646943707022385 1
-0.29411418984805 1
-1.56209282239539 0
0.149580026282812 0
0.955584390782388 0
0.0586075327465734 0
0.117386947409064 1
-0.225739512827088 0
-0.317119663543472 0
-0.426344587541319 0
0.695399404963536 0
1.77158824834167 1
-0.527490992658262 0
1.62854537036614 1
-0.466367172593481 0
0.054734108965346 0
-1.53003376828751 0
-1.05355327443546 1
-1.23074635819331 1
-0.067799742813832 0
0.60279265608176 1
1.24276983865978 1
-1.50246221747143 1
-0.677453300763055 1
-0.0338072864508684 0
-1.90773998161568 1
1.44261358372272 1
-0.181151529904137 0
-0.857276321172719 0
1.3847246261423 1
1.26777599337201 1
-1.13938692911247 0
-0.650205916587076 1
-1.5805369522234 0
0.0431122065069359 1
1.11826558988765 0
-0.04689114419029 0
0.095141211844864 0
-0.471372864679395 1
0.45626051092427 0
-0.859292807220168 1
-1.01132208804491 1
0.474680759043241 0
0.466560474182075 1
0.650243411271777 1
0.651418943427889 1
0.0609030581280051 1
0.252412610628565 1
2.6004176806173 0
1.28046001584256 1
0.415326940901251 0
-1.50129573294542 0
-1.19789841555047 0
-1.37398175546347 0
-1.13632831705835 0
0.029728084987973 0
-1.0508323096199 0
0.739081867800726 1
-0.868538626052153 0
-0.429966163729668 0
0.638887812651931 0
-0.0852494364033529 1
-0.940362281973331 1
-0.181031306628096 1
1.44541847333946 1
-0.0908327598678196 0
-0.415601560460575 0
-0.0223286095661473 1
1.86594043661039 0
1.52820106769161 0
-0.228134612141153 0
0.307151590442758 0
-0.958037606551435 0
0.282579938596754 0
0.420071566700243 0
0.621004618834804 1
-0.22388805353476 0
0.195758793122523 1
0.0570721601266613 1
-0.0871805087822297 1
-1.90303297075548 0
1.70649423970644 1
0.0504433773467131 0
-0.0385458210255695 0
0.0512020810244799 1
2.62337931153087 1
1.35825768628646 0
-0.543394334809268 1
-0.0889400290721562 1
-1.22788977610329 0
-0.306261610265806 0
0.0454421031369791 1
-1.03662271271632 1
0.104815180095948 1
0.185137101838041 0
1.13180602473381 1
-0.0652882647880419 1
-0.362544697341614 0
0.58670092655339 1
-0.147028316771281 0
-0.438462851242595 1
0.674114324868372 1
1.36539139181762 1
1.54655561592426 1
0.24143567800333 0
1.38005749488259 0
-0.473492535624551 0
-0.304909487172159 1
0.326068041075265 0
-0.537654959083757 1
0.642434030916861 1
0.0733514732310604 0
0.394134888818047 0
-0.947623400216828 1
-0.602148883157756 1
0.289286455517827 1
-1.16254318895694 0
0.236701706464815 1
0.514853389344509 0
0.582136964116502 0
-1.2897882148315 0
0.823817820679381 0
-1.11865740750518 0
0.64129735943861 1
0.75541292592094 1
0.966695810990898 1
-0.873643994325493 1
-0.258685912754442 0
0.204865540290677 1
-0.371724053814749 0
0.154754409165925 1
1.23998166767714 0
-1.36358793731953 0
0.323464814713052 0
-1.27971999266328 1
-0.211857410930054 1
-0.656571626130633 1
0.543815543865472 0
-0.204415439516305 1
1.29465746266011 1
0.364181502628105 1
0.532236488018227 1
1.18211716980325 0
1.0047094885082 1
1.11389699811225 1
0.27070901296169 0
-0.894271864308505 0
-0.626319740856303 0
0.873219014334201 1
1.29157917350514 0
0.177103499584369 0
-1.18002960070478 1
-2.16009903025993 0
0.594485393408331 1
0.13865184339692 0
-0.282402187557446 0
-0.104163314460151 1
0.0508642491136385 1
0.743171364402942 0
0.84582504864749 1
-0.402297375580833 0
-0.64020183305967 0
1.78228862486809 1
-0.772748850719046 1
-1.77494336623101 1
0.434167550314225 1
-1.26648992854216 1
0.253931882178444 1
-1.66743815246519 0
0.0784292157968161 0
-0.765926397664132 0
0.0888909773984927 0
0.922664425962146 0
1.29553477801138 0
-1.23034090972168 0
-0.717345193756796 1
-0.455559423857251 0
1.50838537428176 0
-0.0297703594134634 1
-0.871032742995434 0
1.11958810429397 1
0.0245963604956518 1
-0.838192813128328 1
0.232974609229255 1
-1.52484049075801 1
-0.817438958637436 1
-0.0450810196512491 0
0.655446513301455 0
1.001395255021 1
-0.436037536412785 0
-1.63931770388853 1
-0.276010107030234 0
-0.597179521454199 1
-0.362181817250749 1
-0.472632980430693 1
-0.950480516950707 0
-0.953360656166859 0
-0.670703149786836 1
1.16430564740276 1
0.668366924790232 0
-1.20384347897356 0
0.566826758167885 1
1.89191441045491 0
-0.08352347455368 0
-0.691280834909614 1
-0.943884544804634 0
-0.278511471740836 0
0.174851784416837 0
0.666217010002524 1
0.326272440795918 1
0.045777996400879 0
0.743475016139696 0
1.65525721878349 1
-0.518780337557674 1
-0.553812068695013 0
-1.93754391972608 0
0.0160811812452799 1
-1.24254623433811 0
-0.536761870624434 0
0.16117617574097 1
1.80949897827617 0
0.952295558757469 1
0.287839067492713 1
1.08580846485272 1
0.532747149768356 1
1.70512548534437 0
0.665409481824638 0
-1.3392331028526 0
-0.236570837236353 0
-0.194095914794298 1
0.931642298535265 1
-0.617481172396843 0
0.728817903876983 1
0.708527335478612 1
-1.29156457862022 0
-0.189769935701628 0
-0.575594995703031 0
1.03326847511276 1
-0.271273018552784 1
1.60626670836831 0
0.589092172592923 1
0.274397957082729 1
-1.07452272346062 1
-0.586036389961405 0
-0.538647536799916 0
2.06544645673981 1
-1.75890186596802 0
-0.74173558019198 1
-0.243938290350312 0
0.637010986415462 0
1.94552044140055 0
1.44125805139416 1
-0.923228287338372 0
-0.736118560035102 1
-1.43621514481314 0
-0.846747572001693 0
0.822091345814772 0
-1.45777544980906 1
0.797990545684273 0
0.493799168058768 0
-0.559484096964604 0
0.0357805210311224 0
1.00231645109552 1
1.00715287431133 0
0.705342233928371 1
-0.0562011845186101 1
1.0632679042844 1
0.321629181705092 1
-0.387076124932176 1
-0.179897158656618 0
0.578359060523193 1
0.0832706396803659 0
0.445898548120057 1
0.0684219924346755 1
-1.99365292167127 0
-0.733068610619398 0
-0.317859148946819 1
-0.389052229850885 0
1.55176601973564 0
0.0889073408280929 1
2.75918334175661 1
-0.368534106532749 0
-0.197882643735093 0
0.631602427816652 1
-2.89772155613441 1
-1.07787038379802 1
0.947034602862077 0
-0.868817016583948 1
0.878534946403081 0
-1.10385953455436 1
1.29743738337274 1
-0.994741992155253 1
-0.107263296227528 1
1.08805282792855 1
0.672474734163375 1
0.439408684151248 1
-0.176050795712769 0
-1.23921638442296 1
2.61000462872781 1
-0.142365521145803 1
1.28339685827138 0
-0.165190684775602 0
-0.697168131029323 1
-0.0401607266866749 0
0.697560822764891 1
0.0836444759932658 0
-1.2113303202596 1
-0.81476534570839 1
-0.356432480014367 0
-0.926006947864975 1
-1.02186576003366 1
-1.41032737923168 0
0.726211055865532 1
0.0509409580418884 0
-0.0541862494561359 1
-0.540554923612249 0
-0.752244994622279 1
0.892219086257523 1
0.741881073583785 0
-0.0698312711651554 0
-2.0975603968495 1
1.47168109992032 1
-0.0474159557124946 0
-1.02479800631229 0
-1.98521662818375 1
0.518508699694904 0
1.12315473101206 1
0.0517043447424348 1
-0.596384539233179 1
-0.568367844152845 0
-0.456284604150262 0
-1.01001330586371 0
-0.847963993201956 1
-0.596817526735455 0
-0.0330409792161863 1
-0.0551784763238484 0
0.848847856871797 1
-0.396590132483461 1
-0.431465110122806 1
-1.27561030245079 0
-2.04700471604829 0
-0.17403573901944 0
-1.17798109573317 0
0.751080845066882 0
-0.304071841711499 0
-0.930962018889216 1
0.762477086267933 0
1.95782766503251 0
1.39662383963436 0
0.973231980452681 1
0.0132092267451647 0
0.0673198550913192 1
-1.10021137655631 0
-0.132629636047607 1
-1.74175506093868 0
-0.71203881765684 0
0.571791859283029 1
-0.740265185099411 0
0.233492308965206 1
0.0113559915922264 1
-0.211850530301114 1
-1.24246186275259 0
0.536334724601694 0
-0.332372347791645 0
0.768116511807184 1
0.971152562993015 1
0.692002988254042 1
-0.331578992712051 0
0.893557287305114 1
1.22649759587521 1
0.167387730640835 0
1.00449054208848 1
-0.906070045164618 1
1.35406732741345 0
0.537396855150047 0
-1.30371944925708 0
0.34722189575672 1
-0.573957794983153 1
-0.0816351194105628 0
1.14017153340782 1
-0.811244107924957 1
-1.44714819552109 0
0.175307045060411 0
2.35931713987598 1
-1.05290622550615 0
-0.476592075567169 1
0.207337487589138 1
0.576163076968908 1
0.664214555206998 1
1.12277353532006 0
1.04235324406473 0
-0.21782029694322 0
0.825753695169061 1
0.931510465468996 1
1.72273826674644 0
-0.752193098142372 1
-1.01314602871346 0
0.71269187268738 1
-1.0781512369732 0
-0.450077450217654 1
0.311105324062287 0
0.637287630032162 1
-0.349621667184823 1
-0.0161242001899887 1
0.269884421473846 0
0.89941837209283 1
0.617215891352772 0
-0.785073189895278 0
0.168162720117403 1
-1.39581342039786 1
0.515075150538801 1
-0.450027249216182 0
-0.0261038130920492 0
-0.202858561061936 0
-0.305764652402964 0
0.78235888926508 1
-1.84781461427273 1
0.210061164412719 0
-0.26436196731116 1
-0.603081561083569 0
-1.6060795206239 0
-0.920445523646926 0
-0.565585065412072 0
0.953080891575531 0
0.361984972876838 1
-0.0774972434627119 1
0.465536414530978 0
1.00130890084828 0
0.637321546498274 1
-0.0933873618944486 1
-0.426332716894892 1
-1.42082342506625 0
0.825620179066541 1
0.773207903252283 1
-1.58288487974119 0
-0.157919986075793 0
-0.0913109401682456 1
0.652335350924265 0
-0.0890378816250787 1
0.217308750273444 0
-0.567620764401939 1
0.579882632326228 1
0.0102946992494293 0
1.52637019105796 0
0.00982003647794549 0
0.667970838783182 1
1.15668897442734 1
1.3121589929276 1
-1.43625754227256 1
-0.0942127962815468 1
-0.0207279624567148 0
0.145797669011267 1
-0.999760088800862 0
0.458214145181929 0
1.17039086819407 0
1.18086301158933 0
1.07196485388944 1
0.195588861291762 0
1.28972740125689 1
-0.474061649231451 0
0.626388856751809 0
-0.645538645062685 1
1.12323969175734 1
-0.0459991591835431 0
-0.835620256304662 1
-0.723730609527164 0
-1.97479833936975 1
0.664047021218048 1
0.348229493631043 1
0.403434336222875 1
1.14345591488067 0
0.330868520959637 0
-0.866458012113638 0
0.914358889538648 0
0.987860962764543 1
-2.33041061465345 0
-0.000965306228805228 1
0.575950396534604 0
-0.793707170882159 0
-0.466355806251571 1
-1.04247753500701 0
0.219740664139808 0
2.79137164028973 1
0.596892319591707 1
-0.578255877240776 0
0.079508433263282 1
-0.964146048964748 1
0.514460095312756 1
0.39203039479675 1
-1.46087751135948 1
-0.968802913522719 0
1.49302174947824 0
-0.391926029191645 1
-0.51340854343225 1
-0.708690953617468 0
0.42195320461883 1
0.196882905527471 0
-0.119159181058337 1
-1.72992367080716 1
-0.93988317778865 0
-2.47530428333342 1
0.66143207409514 1
1.4005156811102 1
-0.122477437545149 1
-0.129922870666036 1
0.454307982914926 0
0.366369727594111 1
0.0883189138486639 0
-2.83382197050487 1
1.10728959083619 0
0.228023251122485 0
0.162847050522592 0
1.37203653625874 1
-0.673089116696246 1
-0.0644642013184024 0
-0.499413264790191 0
-1.15466341523215 1
-0.484637842609302 1
-1.08478915473562 1
-0.638347659742376 1
1.12816521787479 1
1.49412487624093 0
-0.394507937341636 0
0.523715565658358 1
-0.778596665147866 0
1.56002583231862 1
0.236403170636864 0
-1.03890929057105 0
0.777441493593673 0
0.468055932790757 1
0.0562196984839242 1
-0.516911370819932 1
-0.661271121954791 1
-0.710341807460042 0
-0.0502207273570906 1
-0.751304053163485 1
-0.615274495549273 1
2.11292831992939 1
-0.237574556891449 1
0.625103507083324 1
0.0572945409042372 0
0.664537971252378 1
-0.719883468727589 1
0.28432117286746 1
0.176432988281888 0
0.721538616238849 1
1.07086541041067 1
1.11642988129079 0
-0.303575534390266 0
-1.98739083738967 1
-0.321783359398314 0
1.03367069826471 0
-0.155589030598043 1
1.00262903739213 0
0.150812102271606 1
-0.383076823712031 0
1.25239648548618 1
1.46989573306832 0
0.0731337607613033 0
1.27562112475805 0
-0.442472182506992 1
-0.528723200066528 0
0.844719169313941 0
0.578038961688175 0
-1.39185580871706 1
-0.862780386419498 1
0.40803452196715 1
-0.40698118160337 0
-0.519231709450062 0
0.311818715967532 0
0.379677713776412 1
-0.98539038268911 1
-0.325878119575768 1
-0.0260624751357367 1
0.938039344019909 0
0.892164425920064 1
0.735029367827497 0
0.968992396607841 0
-1.67210012057707 0
-1.10112307195014 1
0.733005195361914 0
-0.0811683306209243 0
-1.29170473313005 1
1.35278798880489 0
0.243198351010955 1
-1.16692524870267 1
0.0353836569383857 0
0.255798335858201 1
-1.43606548584791 1
-0.416253062188044 0
2.22042987914978 0
-0.421114287336671 0
0.277010329598373 0
0.22767066377151 0
0.667686587903115 1
1.22533394891807 0
-0.463146205851747 0
-1.28538699698655 1
0.903835197832435 0
-2.70694188446148 0
0.354883565080116 1
-1.45199632527703 0
-0.994335749213781 1
-1.48621530606532 1
-0.230479163334041 1
-0.765236944794195 0
-0.318097231942615 1
1.65394809614897 1
0.692884005683564 0
-0.0832297296666925 1
0.0591853611617982 1
-0.661951035883487 1
0.29177471308945 0
-0.564274250136037 1
-0.598891949415263 0
0.137632689478316 0
0.857308874834799 1
0.00509073883091935 1
0.743776011821302 1
-0.715072055989688 0
1.83515816369927 1
-0.517773707390741 1
-2.07500579695081 0
1.02043841468607 1
0.707662112766784 1
-1.28267459361719 0
-0.298955557678715 1
-0.560362201157247 1
0.128149960050596 0
1.07582720621288 1
0.49124392298302 1
1.36387824684206 1
-1.51101738430461 0
1.45661561679672 1
-0.487098563086769 1
-1.07346828109878 1
0.749344185002732 0
0.452247750288574 1
0.877434698990761 1
0.145902848224465 0
-0.210161927824943 1
1.22584891752419 0
0.607579426657585 1
-0.222542571034317 0
-0.0403790161673439 1
0.273809156342452 0
0.563822735737474 0
-1.61729304164551 1
1.05321569043532 1
-0.0491250968130873 1
0.598316867947222 1
-0.266422759082426 0
2.21137155035349 1
-0.699657900332636 1
0.446107530394013 0
0.644947008390778 1
-0.078692308415424 1
1.73228329569601 0
2.14910110931749 1
0.237915879487929 1
0.292419054202703 1
-1.2482864650764 1
2.1439886554441 1
0.461640865059235 1
0.609605830029255 0
0.0109923907152299 1
-0.0888430946784983 1
0.382291814783952 0
0.837968966799566 1
-1.83829009308144 0
1.71633039923315 0
0.0415253675669064 1
0.333718210134065 0
-0.0482178746659107 0
0.710061505415327 0
-0.310024966224172 0
-0.309329496646798 1
-0.695375036403705 1
-1.47674640701394 1
0.811398510556066 1
-0.347302801327803 1
0.0108144862084131 1
-1.30546018930003 1
-1.88846831746634 1
0.191007457693536 0
0.468300597949175 1
-0.0409480850503799 0
0.609710599332143 1
0.401978732364727 1
1.21619596134015 1
-1.17308158733354 0
1.34798779031435 1
-0.846150387340011 1
0.363886715253404 1
1.89295075125431 1
-0.730073895591551 0
1.34432975101828 1
-1.05936737622353 1
-2.22714301028882 0
-0.725088973192349 0
-0.0513231578813706 0
0.155662636591645 0
-0.358471551587427 0
1.4557859384082 1
-0.525019007582726 1
1.35460588479273 1
-0.538571104095648 0
-0.691973653646951 0
-1.49212742095361 0
0.266266680049334 0
1.15950453363037 0
2.19493851146043 1
0.690424315866124 0
-1.31059571207208 1
0.376920161167259 1
-0.578882667956424 0
-0.419604963675822 0
-1.52572214943074 0
-1.1916459684989 0
-0.738901442666602 0
0.0961775506322959 1
-1.22480584517532 1
1.32760135816858 1
0.285897449751415 0
-0.326869442573235 1
0.0463171351201435 0
0.00185084038662774 0
-0.700308133365754 1
3.24911643552835 1
0.376017776902704 1
0.133820539553495 0
-0.47396362829187 0
1.85623703962285 0
-0.295024251772388 0
-1.19157406888742 0
-2.04994309907404 1
-1.99277369208044 0
-0.860909963543427 1
1.08183065259175 1
-0.857959437691639 0
-0.0956558130091279 0
1.01524817460296 0
-1.40666969850877 0
1.28804386866287 0
-1.18458441814737 1
1.23562397168345 1
-0.00124048415010323 1
0.291639973555634 1
0.400010350757966 0
-0.54740378952835 1
-0.808663469742213 0
0.768121450645262 0
0.393189375788603 1
0.223397658368309 1
0.19431871132545 1
-2.45478808744159 1
-0.790259464229773 1
-0.959581626714027 1
0.386154809517029 0
0.101905024661293 1
-0.610357950223119 0
-0.794949061823944 1
-0.826497669780069 0
0.245313990930892 0
-0.103579429556851 1
-1.18529850957536 0
0.569824870379583 0
1.15193490274638 0
-1.16487835653657 0
-1.63988921834631 0
0.237542552061173 0
1.02201666770476 0
-0.520278864902686 0
-1.7337714681624 0
0.512073451608978 0
-0.169680527843738 0
-1.29985835948659 0
-0.416603857568312 1
0.525066618948351 0
-1.45011391939344 0
-0.791259407643881 1
-0.802669363208006 0
-0.0384019239297714 1
0.257846214593967 0
0.353451097680353 1
2.00231043472565 1
-2.18524275931175 0
0.371329652687513 0
0.0991283524261168 1
-0.0779396022288191 0
-1.27874734682469 0
-0.475623443998549 1
0.788476247065746 0
-0.564906969344812 0
-0.293652899367779 1
-0.423583893289285 0
-0.826181424630319 1
0.530448516856699 1
0.625490624479342 1
-1.30902500387761 0
-0.0291709296715195 0
1.85335550122666 0
0.21465479392279 0
-0.170883074050581 0
-1.31950357253262 0
-0.677391351930381 0
0.964660266298831 0
1.45820707089699 0
0.00524292092574096 1
-0.333101433469141 1
-1.12342886655694 0
0.559044480478793 0
-0.692357265051122 0
1.13646925113139 0
0.191612935911672 1
-0.269425126928956 1
0.428846662025292 0
-0.322516583748175 0
-1.7455940239026 1
0.939440074975874 1
-0.775353407390418 1
0.392762484246365 0
1.50341050718202 1
-1.39861946377635 1
-1.58453516889482 0
0.0986231662765162 0
-0.565146785996773 0
0.470745630461879 0
-0.933037860832137 1
-0.438992655409856 1
0.432204415949489 0
-1.32976793342789 0
0.884381991448878 0
0.712262754560233 0
0.431708457023401 1
0.325257991033959 1
0.941305725401138 0
1.01140293183676 0
-0.640732812467717 0
-0.317685691360917 1
-1.23948697886474 1
0.4260388177336 1
-0.178286527123113 0
-0.511183381016715 1
1.18484610940189 0
-0.311766630241547 0
1.33214163233536 1
1.53312722106236 0
0.376015192430499 0
-1.28396151547866 0
-0.589495602731038 1
-1.06691542227227 1
0.281493039361018 1
-0.873930210844973 1
1.00383925572742 0
-0.647687034732791 1
0.923136104574255 1
-0.130611535500827 1
-1.60648083494167 1
1.38967039440842 1
-0.0166494378482426 0
-0.489601954914397 0
0.480383972448217 1
-0.052132501273508 1
1.27180351670606 0
-0.370383301827775 0
0.0258598868274896 0
-1.97458555658853 1
-0.664193786693014 1
-1.65525763981866 0
1.06285285985933 1
0.0615656768188334 0
-1.65106218738926 1
0.545864324599805 1
-0.218634737652214 0
-0.891757919953569 0
0.251082649012282 1
-0.38768616346268 1
0.573465319818253 1
-0.437638138923474 0
-0.392016287238698 0
-0.613981565622736 0
0.3058868849474 0
-0.0462155667083337 1
-0.320940579215101 0
0.451291475122243 0
-0.958470596694672 1
1.11278713473283 0
0.947624992628085 0
0.31105136363764 1
-0.106131781730356 0
-1.04889855281816 1
-0.231473952990669 0
-0.690456397321414 0
-1.318279386306 0
1.65369145232684 1
0.561044637831546 0
1.72035128903676 1
1.41025566706859 1
-1.15376639177814 0
0.161591158272278 1
-1.36830690955812 0
0.271897016461466 1
-0.312269597568817 0
-0.655752278205025 0
0.58408611655925 0
1.62136514361769 1
-0.401140506791275 1
-0.0468646816385674 0
1.49612597679884 0
-2.30545768771649 1
0.584434211232757 0
-1.12652024907007 0
-0.776541495217036 1
-0.395581426398153 0
3.19443926245946 1
1.51945552340359 1
-0.159523767951336 0
1.55543634960613 1
0.730487626781838 1
-0.633598975007967 0
0.180105999598195 1
0.0498317585627095 1
0.579314249511704 0
0.728948931413785 1
0.636220317274773 1
1.19108777881455 1
-0.311330009538528 0
-1.95271508728138 0
-0.241459670421308 1
-0.119706467367007 1
1.22839218418582 0
0.401021448872851 1
0.676512770915174 0
-1.16244468345472 0
-0.611797706646548 0
1.51113829415441 1
-0.347170434724848 0
-1.10948302452876 1
-0.17424352840003 1
-0.141879610063315 1
0.483434543544383 0
-1.64704896903918 1
-0.68669519336347 0
0.930979515927801 0
0.108968807360445 1
0.141887722965383 1
-0.908518695007512 1
-1.44218649213391 1
-0.260083314830451 1
-0.302373181811068 0
0.701177770279248 1
0.511823737154088 0
0.000909207380649739 1
1.63362748611204 0
0.650688236663296 1
0.16026204885509 0
-0.407297174771324 0
-0.448777895370584 0
-0.628601845339729 1
-0.886600060960614 1
-0.545771390910176 1
-1.05525887420361 1
-0.312079443885867 1
-0.545106498909395 0
0.495985179802809 1
0.393013633786983 1
0.0965014012826577 1
-0.349348342520814 1
0.958798621480159 1
0.948732708798291 0
-2.09940301797602 0
2.85531998178687 1
0.634449290062115 0
0.676327573811766 0
-0.27280696902273 0
0.926768647072329 1
1.32169886049672 0
-0.953446596084342 1
-1.83260611962326 1
-1.57062643918518 0
0.489544339568644 1
0.854947492468403 1
-0.521262314372469 1
0.793578784738805 0
1.35025510146609 1
-0.0632924236046641 1
-0.0682746134702809 0
-0.855328371674585 0
0.0359506329094269 0
-0.63398756326882 1
-0.57137672260325 1
1.07993817228697 1
-0.21402138195146 1
0.445755393977281 1
1.66509637685577 1
-0.874057205869991 1
-1.26757756838286 0
-0.0433448207877808 0
-0.870601776840836 1
1.11771631300106 0
-0.444758478062317 0
-0.859115891032674 1
0.192461104934617 1
-0.718618655546984 0
-1.3324292708152 0
0.454168776580634 0
0.32250107480874 0
0.0406818849828819 1
0.437750054559665 1
1.77962583417499 0
0.311584761385669 1
-0.674139846876402 0
-1.03132627796555 0
-1.87332768101292 1
0.647074152575451 0
0.181677794882705 1
-1.14432059875324 1
-1.52068360312702 0
-0.721865480907772 1
0.318786385224757 0
-1.69080964762384 0
2.66333992394727 0
-0.614591694702355 0
-1.1124795759299 0
1.06654260151989 0
-0.369567914517884 1
1.0753890271248 1
-2.1701412742613 0
1.29119825895137 1
0.850637497548377 1
-0.693113719424365 1
-0.438715371738249 0
-1.00342725535808 0
1.48692239636056 1
0.0165886673818465 1
0.262944063544049 0
-1.33246941276129 1
0.443583095912523 0
0.0810457633152162 1
0.38361888477441 0
2.04214224682725 1
-1.15725990547294 0
0.80784669083686 0
-0.648951748019291 1
1.26753742940577 1
0.620924328306365 1
0.800483773302351 0
-0.634339442632807 1
0.162672266996954 0
-1.06032564360548 0
0.0780709755585503 0
2.16378611957558 0
0.609566048446775 1
-0.305158814583012 1
-1.36028781672694 0
-0.30997794564692 1
0.312292632111481 1
1.51996146901958 0
0.37622990647869 1
0.0781273404694919 1
-0.297753933903324 0
-0.224665200477013 0
0.652705674082483 0
0.796536741099152 1
-0.543993598758012 1
-0.86471076134536 0
0.462045491222208 1
0.948576781559212 1
-1.35351369017986 1
-0.523405498994047 1
0.664741209895143 1
0.124300656602722 1
0.855451690950526 1
1.55514507006467 1
-0.394208597306482 0
0.16916850051098 0
0.385167009308344 0
1.05088760441994 0
1.34647514341042 0
1.52101315951505 1
1.52540320454997 1
-1.23455487308662 1
-0.316814625621064 0
0.638431616177955 0
1.62883404302251 1
-0.768678801869032 0
1.45787157364213 0
0.263123685407745 0
0.301711586860153 0
-0.247140680763946 0
0.566766070078365 0
0.110233529379893 1
0.140717722566283 0
-1.87813903866277 1
-0.669340250713791 0
-0.519151028477964 0
-0.143979755435262 1
-0.376308868063709 0
0.842592492717097 1
1.43782600468414 1
-0.16168737005794 1
0.0728981135387821 1
0.718718118813382 1
1.00153906329883 1
0.259055642546057 0
-1.12463159957876 0
1.06997240463617 1
-0.635969095971729 1
1.8314905469893 1
1.15835194046136 1
-0.621288601643695 1
-1.2654660724615 1
1.05031847833109 0
0.819265645982677 1
-0.422963274184603 1
-0.976914852010373 0
0.577246325315489 0
0.0996603406395609 1
-1.00217716069352 0
0.370110293729051 0
1.11602864366461 0
-0.656193945268331 1
0.158755189467116 0
0.351108569627974 0
1.62340136086802 1
0.215462090159604 1
0.119148549791277 0
2.0561873964403 1
1.10091699781341 0
-1.33619728031628 0
0.0954301502923176 0
-0.0673473460845152 1
-0.300945216263596 1
0.660290137267184 1
2.18542793207232 0
-0.890549863257896 1
-0.978220034612239 1
-0.842503987368164 1
-1.73541713941828 1
-0.820777345255509 0
-0.42450907187491 1
-0.077689474097276 0
-1.56221818121767 0
1.38037120019644 1
-1.01568487210984 0
0.0772971317312222 1
0.290013772064208 1
-0.984982304923104 1
-0.963893194372393 1
-0.217711816102785 1
0.426753697545957 0
-0.519019839345651 1
-0.331010868969084 1
-0.204587160845639 1
1.43682104250512 0
1.35595682100315 0
0.776365805122946 0
0.837800870076874 1
0.753565141381986 1
2.04516794792832 1
0.165775688410932 1
-0.363220396337604 0
1.42172482204371 0
-1.29996724362893 1
0.799096030466366 1
0.0729850029609473 1
0.263509770076854 0
-0.159459540951255 0
-0.652812965338878 0
0.0936046537113023 0
-0.613760314265039 1
-1.78674554320111 0
-2.3508400878433 1
-1.06942847076119 1
-1.16256431812068 1
1.60470602868378 0
0.618889542748262 0
-0.489219161753583 0
0.209783633705105 0
0.348953550703937 1
-1.45177322965094 1
0.0385253712860968 1
-1.50573295302519 1
-0.0162015272382523 1
-0.92243519795564 1
1.00779520512172 0
-0.0528989892256178 0
-0.199866365198856 0
0.7133439102368 0
-0.949199706113963 0
-1.09480001877629 0
0.443508642145157 0
0.843515593331271 0
0.619217440082701 1
-1.28084378434263 1
-0.0377381579559312 0
-1.30417122785042 0
1.00135192137863 1
0.736008480499538 1
1.29570025989771 0
0.351323924150566 0
-1.47215425564162 0
-0.81663563280429 0
0.572507418895157 1
-0.558170882196845 1
-1.00028512479039 1
2.01718654903429 1
-0.360012954046761 0
-1.03174346808803 0
-1.42637623620418 0
-0.604057788812792 0
0.0880243034008456 1
1.20955905661972 1
-0.421559801934112 0
-1.00093712396576 1
0.954952734103219 0
0.238282559137286 1
-1.06601843453947 1
-0.507589362986194 1
-1.53106419629196 1
-0.549710280956253 1
-0.269179244600659 1
-1.60015542734195 0
-1.72420850208886 0
0.53711937213857 1
1.66197861535219 1
-1.6414513885373 0
0.668977684155876 1
0.581674784149536 1
0.413245062446468 1
-0.495925968274903 1
-1.28593295314816 0
0.191440197814015 1
0.239766846918456 0
1.52179691309483 1
-1.06863724632122 0
-0.203773664492272 0
0.417857678097849 1
-0.819551281602801 0
0.691276546550455 0
-2.15379697825539 0
1.27462942796677 1
-0.917416911120982 0
0.0946228760015244 1
0.801412751385134 0
0.654217139407784 1
-0.823157941503351 1
-0.340010088804588 1
1.01731321735779 1
0.835873242812356 1
-0.123411372299936 1
0.0749994753330541 0
-0.0561691952781346 1
0.108890401778248 0
-2.32056601429424 1
-1.52069836800033 1
-0.48166128152942 0
-0.0401990366689066 0
-0.748385233853176 1
0.150896413956713 1
0.949183465970219 1
0.226778971191653 1
0.161262490856349 1
-0.0350962538745578 1
0.238955527807541 0
-0.563551182352813 0
0.870431803361665 0
0.52393241960583 0
-1.05785462080246 0
1.14755742303833 0
0.503621375265559 0
0.344393794084331 0
-0.407675885912678 1
0.860096018870502 1
2.46723815217794 0
0.597045819356761 1
-0.0235556285441725 1
-0.818416239023179 1
1.4397471368865 0
0.200722704377621 1
-0.142609645716299 0
-0.445233480679971 1
1.29955699862794 1
-0.420089878956297 1
-0.435412558609499 1
-0.0937127038097798 1
0.562049540059726 0
1.11744127418088 1
1.58790121384591 1
0.146446744915646 1
-0.989046205571518 0
-0.182350394588966 0
1.4895077666802 1
-0.115913657885287 0
-0.612540186121867 0
0.14780274798691 0
1.68462996753758 0
-0.280833087078179 0
-1.48770681966737 1
-1.21692835866706 0
-1.26210334272235 0
0.825513211629033 0
-0.0388199317781705 1
0.659119772455155 1
-0.364507258238393 1
1.26558504439356 0
0.301429416678106 1
0.313718845358721 0
-1.31980180558495 1
-0.82373174074511 1
-1.25957926425603 0
0.632491216811666 0
-0.454280942128096 1
0.516135728078863 0
1.09978147361971 1
0.764187754143051 1
-0.743637649774691 0
-1.54430527806134 1
-0.395607270779452 1
0.492384620736473 0
0.327503857303002 1
-1.41173644980574 1
-0.172589686005415 1
-0.530280302232308 1
0.88340543489094 0
-1.29964835274513 0
-0.868916586628823 1
0.0565647601300209 0
0.790259982139849 1
-1.30268696300495 1
-0.442537045709815 1
1.36998758983242 0
0.0734368415816283 0
0.114564879443214 1
0.819504096097449 0
-0.168563291937373 0
-0.350512761645862 0
-0.763803387395272 0
-0.253316037039327 1
-0.66894097337203 0
1.29187557992149 1
1.72540749511733 0
1.66447019757815 0
-0.49790305933945 0
1.92894550659095 1
-0.288910206676065 0
0.102345539587319 1
0.925160602320775 0
-0.730653380398083 1
0.460045733422698 1
0.503757966017473 0
-1.18038694942826 1
-1.39157963526143 1
-1.44224570429892 1
0.0930324907814704 0
-0.622048682147817 1
0.125192863384332 0
-0.114980843776593 0
-1.40183987212319 0
-0.240856329405484 1
1.89644567087653 1
0.315670300363745 0
-1.45807900166183 0
0.112423358086916 1
-0.801006218069879 1
-0.746182988670983 0
-0.373979967943099 0
-0.876481761096643 1
0.360836450937322 1
-0.45909106231795 1
-0.515108559576194 0
-0.655703583134063 1
1.40499994144336 1
0.577956547117705 1
0.994751858587851 0
0.895785028816913 0
0.660451587985092 0
1.87213999699944 1
0.77179569665899 1
-0.012475623296487 1
-0.00886257685241336 1
1.24055504810419 1
-1.97702178355935 1
1.13059456743202 1
-1.04504369359583 1
1.08336633260573 0
-1.74691669462849 1
-0.621806358164046 0
-0.523144578255418 0
0.62553746498266 1
0.031743258337745 1
-2.11729671087088 0
-0.00725590904525833 1
-1.05736337107606 1
2.44786995413245 1
-0.329022485412942 0
0.480341197524823 1
2.40594345032701 0
-1.13980506585019 0
0.060137451310607 0
-0.784482155704044 0
-1.24386139046156 1
0.734141360690155 0
-0.353618912480436 0
-2.04461859836855 0
-0.146945522578878 1
-0.309861069742521 1
-0.283310179919484 0
2.73761847837416 1
0.0708400735703993 1
1.0280063984972 1
-0.0459693365787692 1
0.711767549054944 0
1.40417709047862 0
0.0854886608665671 1
-1.44268979739133 0
0.890029736394903 1
-0.916948066770807 1
1.10496634992476 1
0.36985773811381 1
0.981985839278219 1
-1.24976182490717 0
0.606703869215802 0
-0.23577127941866 1
-1.73729114139791 1
-0.605655525187464 0
0.314458006326015 0
1.27257844560748 0
1.01398945740371 0
2.71290252627535 0
1.42764187420005 1
0.621500053508942 0
0.167108400908285 1
-0.315975082987299 0
-2.2614678741925 0
0.347295075452467 0
0.684139452380869 0
-0.073842270176401 1
-0.450902802945953 0
-1.05326771313168 0
-1.90099134431609 1
-0.485075501698345 1
0.511719651411996 1
-2.4710114405726 1
-0.386118544400863 0
-1.10897326777751 1
-0.220280123427068 1
-0.748077372326889 1
-1.24548308720304 0
0.737452158263077 0
-0.752728141780617 0
-0.0612018273215848 0
-2.38427116027376 0
0.661004885852923 0
0.365062059266264 0
-1.96938959277911 1
-0.0566387535935635 1
0.892346110501349 0
-0.249904898011865 0
1.24329321462237 1
-0.137582617620247 1
-2.08939979365375 0
-0.769951349336709 0
-0.555931001339987 0
0.788337318650586 0
0.931935621300136 1
1.01163919774327 0
-1.75469820582463 1
-0.581409119786083 0
0.0971487213726584 1
-0.00879680565259645 1
0.064927764341851 0
0.720047027111952 0
0.212012280956738 1
0.232829213407467 0
0.295858574778721 1
0.422740192355254 1
1.83124878212294 1
0.308251907985448 1
1.38443556340882 0
-0.223622028351832 0
-0.469242016307304 1
-0.441219392108162 1
0.809595703746666 0
-1.43344007161674 1
0.959172706033071 1
-1.17188071457024 0
2.08182109684084 1
-0.630792814217215 0
0.346259815499948 0
-0.999734631315084 1
1.97991194015285 0
-1.22539134794309 0
0.183549614887595 0
-0.388222264271853 0
1.2268258679621 0
0.115727047726267 1
-0.824682449377386 1
1.50086379863548 0
1.0954171389086 0
1.12986090441059 0
-1.40164773349875 0
-0.455038407699371 1
-1.86774328982959 1
-0.494342025165677 0
-0.674191972815705 0
-0.398066510403403 1
0.404768937121959 1
-1.17448563424317 0
-1.7440043362095 0
-0.873510272187374 1
1.20941940070829 0
-2.11741518644299 1
0.983307050921017 1
1.57382999075102 0
0.230264876724484 1
0.464137663242718 0
-1.34412987873304 1
0.202759231575344 0
-0.198806073401688 0
-0.095470437501949 0
-1.55884008467326 1
1.13479526269331 1
0.0607827834183839 1
-0.78859679677932 1
-0.659961126684223 1
-1.28417302127865 1
0.714860896319601 1
1.17219894907822 0
0.165865357027844 1
0.631307467693084 1
-0.771187118571628 0
-2.09427121142828 0
-0.328441433480482 0
0.849142284769686 1
0.279098591853889 0
-0.528865819163089 1
