0.132949194500518 1
-0.272469074946441 0
0.642985725142204 0
0.997911011827518 0
-1.0999126596585 1
1.06533444450098 1
-0.750052516606789 1
-0.425343417465965 1
-1.0597781108193 1
1.76497021132728 0
1.95963072163775 1
-2.61918040535885 1
-0.704993810298244 1
-0.449735513058105 1
-0.220813039418491 0
-1.38168877087611 0
0.578915823849928 1
0.159644610451184 1
-0.279439913761312 1
1.43856017671505 1
-0.702363297927345 0
-0.0453219924387274 1
0.973327832499276 0
-0.0752504954694827 0
3.29900136113006 0
0.997644633825721 0
0.483163539610101 1
-1.14034341054027 0
0.558476828359582 0
-1.33119792920164 0
0.038893493656602 1
0.241334912443018 0
-0.146053058502992 1
1.65004601121276 1
-0.901643160994409 0
0.298246087749037 0
-0.41206133700963 0
1.0764406226088 0
0.0696704824197463 1
1.37841197503067 1
-0.505822196459692 0
-0.183762783233922 1
0.993247482530324 0
-1.49184983796483 0
-0.360742830218984 1
2.3855657092459 0
0.141718109363508 1
0.853815497239589 1
-0.473363194387544 1
-0.120096197114298 0
-0.617250311338127 0
-0.458907847920457 1
-0.114692950603097 1
-2.51667321231043 1
-1.42086663827993 0
1.04344771513757 0
1.94629881902387 0
0.0747375946630717 1
1.14552171813146 1
-1.28011067270059 0
-0.980416338163629 1
0.917090325861576 0
4.60805073882203e-05 0
0.812467525626322 0
-0.955138499717414 1
0.0983406306853258 1
-0.74297206748826 1
1.93788928936208 1
-1.04870189169515 1
0.935649871552617 0
1.09998058852901 0
0.786890119795778 1
0.574166123571316 0
0.161899715267579 0
-1.1153429225732 0
-0.70453763261077 0
1.10356693580192 1
0.24409415322427 1
-0.369712749671351 1
-0.729249915990797 0
-0.716765826323276 0
0.584951180705541 1
-1.16429346420935 1
-0.242405332951395 0
0.462627307182896 1
-1.21046127548101 1
0.334228223815902 0
0.432620866506592 0
0.43910638977122 1
1.19615176862672 0
-1.46832518189745 0
-1.02234503437855 1
-0.220636697214404 1
-1.61452617411011 1
-1.1262514288146 1
0.642899257428426 0
1.3240306968231 1
0.822250563334859 1
-0.705490587907247 0
-1.21132778016933 1
-1.68980459665609 0
-0.301967363445697 1
-1.34675595122503 0
-0.338226297588168 0
-0.178303298758466 0
0.273467950402116 0
1.70950461664176 0
-1.00785771647049 1
0.541515414016713 1
0.114639576829027 0
0.715620771648956 0
1.18071806447649 1
-1.68670842341933 0
0.843263149674667 1
0.236571126875077 0
0.995085517084622 1
0.0435571248306813 0
0.0427849704556785 1
2.0569434785031 1
-1.48308013502702 0
-1.18241977201856 1
-0.620131964683902 1
1.93794984763988 0
-0.866367371850462 1
0.94304613945013 0
-1.28330923128373 1
1.06735773563579 1
0.982009706344505 1
1.47157695352257 0
0.393589474963801 0
0.0667234446563085 1
1.35557711499332 1
0.131494211649666 1
-0.230481687722123 0
-0.029325779100598 1
-1.55611670191323 0
0.082330756305638 0
-1.26245462249292 1
0.767103343152619 1
-1.00972133732107 0
-0.0812272396631591 0
-0.081665419417282 1
0.0239508364113949 0
1.40948738069053 1
0.334692031472897 0
-1.34655289897647 1
-0.534466358988431 1
0.674418125980822 1
0.419161428367984 1
0.424260442614899 1
0.893952691170917 1
0.268278800202546 0
1.23691340226344 0
0.0168433526702864 1
0.234655917192993 0
1.06835901682224 0
0.455068948472963 0
-0.0633846876394098 0
-0.698004347204067 1
0.000191293488882856 0
1.81121938013919 0
-0.0518396572466243 1
1.9303653160496 1
0.0849156851002054 0
-0.262222648191361 0
0.789169424622706 0
-0.172221843357094 1
-0.482729765378165 0
-0.388693246723688 0
-1.06952955676143 0
-0.222036489942959 1
-0.595801573994627 0
-1.12142150249086 0
1.18467079372478 0
-0.768191747852802 1
1.98937063224131 0
0.191461630289077 1
-0.0593490838190645 1
1.30540705871789 0
0.636015296352206 0
-1.63592383688531 0
-0.200625931952253 0
-1.26426727151957 0
-1.0463713540992 0
1.21224446400691 0
1.79399154119875 0
0.146166687822415 1
-1.25116001319051 0
1.25282095320053 0
-1.43620195627781 1
1.34311393900585 0
-1.27122955466377 0
-0.598738531965344 1
1.22076154840153 1
-1.74396125331859 1
0.0658541658226506 0
1.04195012011741 1
-0.157854962878773 0
-0.139927276241453 1
-1.98254386882019 1
-0.979406444734953 1
2.72816792306836 0
0.0341910989005611 0
0.350535060684043 0
0.351561613847504 1
0.700678887289185 1
-2.37994851812636 1
-0.390778788531341 1
0.96775979427819 0
0.502526630759634 1
-0.0620738745871832 0
1.15013366958929 1
0.118363049241377 1
-0.377509970025401 1
-0.478179583619908 0
0.396495955929787 0
-2.32750640211483 1
0.295048741267751 0
-0.506122222925328 0
-0.731638805272351 1
-1.27406055872025 0
1.24091677488586 1
-0.0509360861182813 1
-1.05562213672303 1
-0.938102247406104 1
1.00654183157479 0
-1.25814641772683 0
-0.045651786606145 1
-0.625485759288282 0
-0.306747146050559 1
0.957769405250042 0
-0.103390239423352 1
0.757713623617649 1
0.713981548221614 1
2.8000804725544 1
-0.869979450369519 0
0.193503649765834 0
0.394472061211716 0
0.385446488765194 0
-0.2396699292829 0
0.972161798984959 1
-0.468057196846277 0
-0.666420346837089 0
0.919765804101621 0
-1.79668372498382 1
-1.47220185358998 1
2.72002798461107 1
0.950044492749224 0
0.273214315243988 0
0.589874802875934 1
1.92803350355516 1
2.10860742108134 1
0.355596076418818 0
-0.523030448469109 0
-0.663359103327506 1
-0.00332832343715901 1
-0.0129352596037451 0
-0.94406375685904 1
-0.882436020418399 1
-0.577673586882793 1
-0.260207520901911 1
0.397454130423854 0
1.75733898949884 1
1.24563073389748 0
-0.978264131947324 1
0.954700226331368 1
-0.526523016255846 0
-0.46257012575706 1
-1.7984307149202 1
0.251801650706009 1
0.489272282436754 0
0.148311962501782 1
-0.27524000164631 1
3.52498068200954 0
1.95569250757474 0
-0.343128371747255 1
-1.06924617896728 0
-0.435120976623923 1
0.844724594445598 0
0.00564030141134879 1
-1.37451003988899 1
0.243664925620434 0
-0.548759314621729 0
1.25871467555436 1
-0.861235121845932 0
0.28819224672382 1
1.62534575507565 0
0.0526603812642813 1
-0.432993030283067 1
1.23641791528678 0
0.803216356976667 1
-1.83977937061773 0
0.943182036663153 1
-0.439786394675166 0
0.968757006092841 1
-1.09285268519451 1
-0.0601798197334613 0
0.876718862096932 0
-0.394435761355698 1
0.142680587114089 1
-1.45193643022536 1
1.72366353242504 1
0.350154424306521 1
0.191964770684589 0
0.11315760215294 1
1.31245548302061 1
1.1742207097053 1
1.53772318723412 1
0.0280285937203461 1
0.652222753190034 0
-1.15588407016893 1
0.565837143049488 0
-0.706034202054563 0
-0.190546614793701 0
-0.344433867236981 0
1.01874506067262 0
0.0837235133581063 0
-0.462521600451565 1
0.929212736687886 1
-0.162234680913807 0
0.592408914585018 0
0.514732361077372 1
-0.288709198227057 0
-0.53683574804588 1
0.708833489547068 1
0.223091052616722 1
0.599619077340288 1
1.06822644357261 1
-0.45448316419251 0
0.664981826889593 0
-0.431407036877249 1
-0.279910775281031 0
-0.528754820247572 1
-0.821971560950427 1
0.511675445928852 1
-1.57014758280027 0
0.0296975766328263 0
-0.52666727270674 0
-1.55892121594418 1
0.565260441785591 0
-0.156279032658956 0
0.451259989185431 1
1.51155801532586 0
-0.0271668486607629 0
0.930403372640779 1
-0.669918221737261 1
1.91063194644647 1
1.30147185601198 1
0.698088763722914 0
-1.40432548626288 0
2.76581819054228 0
-1.54668572035534 0
-3.1734426158539 1
0.887895394713591 1
1.76107212036534 1
-1.28080697628464 0
-0.63100508023651 1
-0.0264202724824893 1
1.27048352827844 1
1.79043635029344 1
0.0456126276753008 1
0.972384777331526 0
-0.297036964408116 1
-0.170278954199996 1
-0.473894501063932 1
1.43364831038942 1
-1.6881027366385 0
0.402020661250347 1
0.614939643018983 0
-0.475465640183111 1
-1.00796762645642 0
-0.349689047272946 1
0.371823271643567 1
2.26690215125231 1
-0.780302687417764 0
-1.57198449159103 0
-0.620274462139458 0
-0.443334986629602 1
0.0766317321884689 0
-0.691754974037391 0
-0.45789539430934 0
0.605514246792791 0
-2.36054980709328 1
-2.51135138818374 1
-2.28702196455595 1
0.381566183253495 1
-0.690377663287038 0
-0.0172953754387558 1
0.51318582833561 1
-0.449054809212739 1
0.269365435888367 1
1.05467668748822 0
-2.68523946226197 0
0.474729190450628 1
-0.62698658584718 0
-0.817916415415713 1
-0.925668730266202 0
-0.253140740191189 1
-0.369256392765432 1
-1.41123676505735 1
-0.0481457813935854 1
0.543329730413913 0
0.308074034764367 1
-0.353717652375326 0
-1.11981104096507 0
-0.870539931881021 0
2.55152522518539 1
0.115669603989839 1
-0.120024184923012 1
0.276744527543942 0
0.918584984760685 1
0.481635489096694 1
-1.79494916518233 0
-1.31636956958416 0
0.0295336449837001 0
-0.548291772487671 0
-0.602904591578565 1
1.76251999093503 0
-1.39364584263269 1
-0.316167495864405 1
-0.561937983599318 0
2.17935634187862 1
0.820929816710537 0
-0.480398880182838 1
-0.688192642525365 1
0.661544280054984 0
-0.0979562020889316 1
-1.3679567432549 1
-0.194777233500847 0
-1.65514597710235 0
-0.0187201469479551 0
-0.0350887679595639 1
0.115865032786407 0
1.0625150303474 0
0.737202830777581 0
0.337203813877001 1
0.256936393235956 0
0.378232913667337 1
0.977968336769355 0
0.663911832609856 0
-0.47858510588822 1
0.522079993477412 0
2.04420736861503 1
-0.934675693846547 1
-2.06082572029054 1
-0.996073098559026 0
1.31100825068414 1
0.960863451629786 1
2.05929048495803 1
0.862775139847031 0
-1.11347163327734 1
0.558348760414554 1
0.850967036844687 1
0.485954185624316 0
-2.16997840357373 1
0.46535111568546 0
0.771917507657902 0
-0.0228710989105657 1
0.40957083252993 0
0.16521599597042 0
1.71220467346408 0
0.0602726696200657 0
0.60510762603686 0
-0.985039351869633 0
0.162385116002546 0
-0.189578822906207 0
-0.579195903024126 0
0.0314850081158676 1
-0.490593012252296 1
0.0430891258209269 1
0.584642239414498 0
1.51124516437576 1
1.28379181033372 1
-1.14106344091679 0
1.16399738292495 1
-0.902670485808429 1
-0.401997696599993 1
0.314439185868656 1
0.456838841047544 1
-0.414194675403372 1
-2.22881635179278 1
0.248049328392175 0
0.0651610617226054 0
1.02544170551123 0
-0.312157762809953 1
-0.91261502818459 1
-0.561092885001021 0
-1.47520150054679 0
-0.685662209879114 1
0.202214547571582 1
0.14553187984347 0
1.47511853386456 0
0.153938958397695 1
0.530056596104763 1
0.530134102896443 0
0.710985436862044 0
-1.01375137975419 0
0.150419181149345 0
0.989906298970171 0
0.0655111383768665 1
1.11999789348172 1
0.258998210859447 0
1.70503394200208 0
1.39701726984827 1
-0.34089927304351 0
-0.651503347748365 0
1.96438369631571 0
-0.66301518368709 1
-0.17351339519867 1
-1.02227259587285 1
1.10702332318787 1
-2.10139081765224 0
1.24176206050564 0
0.11540364267581 0
1.0089583199575 1
-2.12858539208227 1
1.61632784501832 0
-0.567660862476607 1
1.2807459068531 1
0.428048308785045 0
-1.80250797123444 0
-1.76072971602571 1
-1.0879149434032 0
0.781546300346164 0
0.194400103475338 0
-0.692366221152331 1
0.504727914727675 0
-2.97181816327394 0
0.7162721482139 0
-0.0699249975310735 0
-0.388643153369734 0
0.653950427630165 0
0.0813464090413588 1
-0.891029497432109 1
0.805035291116728 1
-1.73717516187336 1
-0.316038984045237 0
0.393911902744068 1
1.4316579526329 1
0.493675378471473 0
-0.326807439318324 0
0.222911504259309 1
0.93406740822903 1
0.0428265240378492 0
0.830868409994819 1
-1.32961927714251 1
1.20267358450336 0
-0.242254888288936 0
-1.54311707981985 1
2.13739018665132 0
0.960388999378716 0
-0.224666727970705 0
0.433180842950232 0
0.284665286505474 1
0.470304817975868 0
0.431011097632256 0
-0.177921569880045 0
0.378735598572433 1
-0.699361392091211 0
-0.138060083802445 0
0.597081143386169 1
-0.200248595394804 1
-0.0698585816788839 1
0.610347764327645 1
-1.32626212878254 0
0.255132639514268 1
1.70119734092024 1
-0.272736679151069 1
-0.637369782115155 1
-0.327532796939733 0
0.0284262257627832 1
-0.253162099730846 1
-1.33988233655305 1
-0.369129513411858 0
-2.38913820989324 0
0.0968655583253801 1
0.564589240001213 0
-0.01755060695501 1
0.504307268500933 0
-0.0413480885094434 0
0.401531941430919 1
0.662062683538403 0
-0.401669297649617 0
0.917228709731454 0
0.946975164679735 1
0.498904686932806 1
0.786845012550823 1
0.373719283804832 0
0.00154560708432223 1
0.778115650219955 0
0.998802638942989 0
2.38018900254052 0
0.43122622666968 0
-2.37855132666937 0
-1.06066844779123 0
0.919622703628356 0
-0.537706955144506 1
0.953682293190325 1
-0.230427042381577 1
-0.255424214609535 0
-0.0930784063248268 0
0.643258039769466 1
-0.578684053317694 1
-0.0679907088727523 1
-0.569136413425721 1
0.592043162523409 0
0.70033934103291 1
0.241081587385753 0
0.901309913607638 1
-0.418250737962435 0
-1.19590219011158 0
0.507926542592975 1
0.0186871551690453 0
0.717140153791249 0
0.642756893620475 1
-0.897876385087618 0
0.611372941042456 0
1.44815527534291 1
0.602941420712454 1
-0.477265607128956 0
0.777660942504681 0
0.584875262266499 0
-0.0774350675164719 1
-0.552976660607221 1
-0.720733449638664 0
-0.0195899233401786 1
0.298438464792138 0
-1.43614480597547 0
-0.954788589258257 1
0.158116171258147 1
0.43131298816783 1
0.880599636546118 1
0.171593567758246 0
-1.11524509748057 0
-2.07682354783039 0
0.15515680067371 0
-0.802195459643105 0
2.24138487729598 1
1.40714327169451 1
1.35551832216821 0
1.12609454141771 1
-1.36085300705307 0
1.64892347036136 0
-0.696255255321476 1
0.749932376092495 0
-1.43711669008861 0
-0.351370531288003 1
-0.0132611909501677 1
0.840247218278887 1
0.970773331213587 0
-1.96446959529875 1
-1.16486558420024 1
1.71761401790856 1
-0.894559587840804 1
-0.222733966447104 1
-0.0798991972277179 1
1.30478764067315 0
-0.214004885728057 0
-1.39956870145163 1
-0.791630147461931 0
0.858664675952488 1
1.71185736743769 0
-1.63120940872984 0
-0.941163366988751 1
0.552101631884755 1
0.300606050032214 1
1.38575035642762 0
-2.17317539751045 0
1.03657574886717 1
-1.07326012837017 0
0.784912089971772 1
-0.197611760102365 0
2.81924646206269 0
0.180382823378963 1
-1.49159958075155 1
-0.919917203946696 1
-0.921467145781467 0
0.179611929762005 1
-0.22964599118214 1
0.788876626611234 0
-0.0392019661965805 1
-1.03309677520115 0
-0.302989482340121 0
-1.51578943736415 0
-0.616132051452963 0
-1.61894296757187 0
-0.0541769375713509 0
-0.74522886270557 1
0.634348952534538 1
0.411701838623634 1
1.57645546126245 1
-2.39556972350766 0
1.169179662061 0
-0.598298252052898 1
0.6924446384632 1
0.680319849651765 0
0.534090109390774 1
0.60462407724438 1
-0.0578873875280772 0
-1.43469334706536 0
2.78359956806911 0
0.563173500125153 0
-1.12329509942802 0
0.460893291820835 1
-1.78415693645171 0
0.242960758779643 0
1.19899416514767 1
-0.266265057040567 1
-0.0927009968982536 0
-0.707911886611342 1
-0.375604746324784 1
1.94856635582557 1
-1.56770776718061 1
1.64912679711105 0
-0.0851996975665102 0
-1.04752877317356 1
1.30105856879964 1
0.755719544046156 1
0.655514550662725 1
-0.348858943481526 0
-0.0448249792927719 1
-1.11721391010768 1
-0.0853018772004677 0
0.191386841626508 0
-1.89493716973759 1
-0.698320585170902 1
-1.5333393652037 0
-1.19151214126778 1
2.1691585363822 1
0.718367307548054 1
1.35772484642479 1
-1.00918954240444 0
2.79126971557346 0
0.0402384680265477 1
0.00218806865278764 1
0.718525195397905 1
-0.203392856035092 0
-0.105568731781352 0
-1.09882289883167 1
0.587101483791441 1
-0.812454711563117 0
0.292301852964715 1
-0.0714703889268579 0
-0.542584925611285 0
0.824976121205387 0
0.371999780189109 1
0.553781740983636 1
1.02032000221131 0
-0.0204098132923217 1
0.809628402071224 1
0.585038146476898 1
-0.227378892464991 0
-1.88146275548644 0
-0.141643164765857 1
1.59491861663918 1
0.331362528069933 0
-0.125258249468032 0
-1.14282518671076 1
-1.52821059947443 1
0.0848376097398178 0
0.315485662948924 0
-1.49325665268472 0
0.515614218601235 1
1.05249522408895 0
-1.13761920182891 1
0.346455324776963 0
1.9676330267088 1
0.358590498376857 0
-0.166788527176067 1
-0.265842048567601 0
1.0279972951001 0
-0.913250670319541 1
0.733295399232249 1
-0.804700520859694 1
0.124406227140308 0
-0.236861701934706 1
0.471718931144146 0
0.586169672562804 0
-0.166327524286785 0
0.572029563374837 0
1.76961625838286 0
-0.611375099944593 1
1.72958051441729 1
-0.168596539524491 1
-0.150045033033225 1
0.257527446773066 0
0.0780957629660386 0
-0.583222714524989 1
-0.741421937115114 0
0.790231932649106 0
1.70651631976948 0
-0.0576488090622924 1
-1.03440231399617 1
-0.242159130935448 0
-0.524688696525606 1
-0.0510595622848208 1
-0.823018395366116 0
0.0861991704132521 0
-1.225967720503 0
1.21569583256415 1
-1.48414006485619 1
-0.53612146181053 0
-0.428917741003121 1
0.470991428818908 1
0.531677886855847 0
-1.30091188422393 1
-1.95048510101069 0
1.48479458916182 1
0.578737975727318 1
-0.217041443276412 0
0.0391934529762504 1
0.947879938391666 1
-0.718200559286056 1
0.449989814190405 1
2.80079053125547 0
0.495801587373043 0
0.307914371530123 1
0.000104052964160161 1
-1.5905005985055 0
-0.812722834462792 1
-0.160159962059415 0
0.326621329039351 1
0.348237199211849 1
-0.165968299781033 0
1.02614537862484 0
-0.914233640988407 1
0.712038144773665 1
-1.06748362761029 1
1.89975419330591 1
1.76599559570964 0
-0.203060050884366 0
-1.12438082263254 0
-2.63208566389753 1
2.41246214415937 0
-1.2589387030473 1
-0.910841550999625 1
-1.54412517274812 1
1.80122460826911 0
-0.326754103572474 1
0.817928658077619 1
-0.319936668787172 0
2.01640381151575 1
-0.658885875481765 1
-0.694274038322207 0
0.999435593660328 0
-1.34130133963418 1
0.194124354156406 1
2.49356435571824 1
1.41349902468283 1
1.14476339514203 0
1.22573456310607 0
-0.108323916731773 1
-1.17116074558703 0
0.101926289472365 1
0.14588599975297 0
-0.309561176539006 1
-0.881833309808098 1
0.623713240224653 0
-0.0738336000934866 1
-0.619208578134228 1
2.71307051420212 1
-0.688777976443706 0
0.279778623463121 0
-0.510334753342342 0
-0.301237061945859 0
-0.737814522148236 0
-0.893389891485661 1
-0.265784763810012 1
-1.01688412347041 1
-0.200448416179837 0
1.29526385618501 0
-1.89217491932563 1
-2.04491329624592 1
-0.972995299161051 0
-0.248124161179696 0
-0.392439837693929 0
0.0854698978839147 1
-0.615824700748816 0
0.125238049971776 1
0.321986919620778 1
-1.43157292470348 0
1.34222197171289 1
-0.55998076020499 1
0.113007915847565 0
0.811561280614721 1
-0.193950566316769 0
0.9431561219701 0
0.897070411322752 1
0.997430898725683 1
0.281586176600373 1
-0.678181872158133 0
1.26518275874466 1
1.32062027437593 1
0.622645694723896 1
1.09943097500427 0
0.384447453930338 1
1.76991353177294 0
0.614216163333728 1
-0.618023967059717 1
-0.122226097008768 0
0.656320616218343 1
-1.90302454522768 1
-1.75886078915178 0
1.60528632678172 1
1.26059100358055 1
0.335033428396336 0
0.658766672813345 1
0.738302211608858 1
2.17079710381684 0
1.66988382315532 0
-1.07620042034315 0
-0.21207692319605 0
0.350570769052724 0
-1.50638436565096 0
1.32420473366628 1
0.0247010022584471 1
0.499268555291154 0
-3.57670794480971 1
0.110127459441413 1
-0.773615098691179 0
-1.09085819431697 0
1.09750539248528 1
0.422855117222989 0
-0.188455510632095 0
1.27895192646243 1
0.0783442273798062 0
0.660407860418125 0
-1.82749910836665 0
0.124935013383789 1
0.524213390495901 1
1.5313467375397 1
0.0362538846204221 0
-1.29185597036339 0
2.17254510209552 1
0.93437735920638 0
0.00121040197776199 0
0.342015634959578 0
1.31135824368038 0
-2.23730982563484 1
-0.98268045517102 1
-0.389529660981896 1
-0.255804261790502 1
-1.81792753426806 0
1.10199335139618 0
-0.815403965961999 1
-1.27503385118077 0
-0.546855417413311 0
0.340444003153594 1
0.763308965466319 1
-0.0105886274147787 0
-0.183687982052397 1
0.276316687562186 1
0.732074165314486 0
0.421828662787784 1
-0.275789328324254 0
-0.36480069079876 0
0.551763455472692 0
-0.803106752684773 1
1.63108877390831 0
0.315890828441483 1
-0.84155400861341 0
-0.935140459382946 1
1.16218046781776 1
0.511923650851821 1
1.07950551613977 0
0.408125587334158 1
-0.218367354335328 1
0.643120048789739 0
0.723908970279084 0
0.50345281207152 0
0.638580991991104 0
-0.847295651367809 1
-0.140627318721121 0
-0.323627289479356 0
-0.44830548481372 1
-0.851513373688829 0
-1.05771080393706 1
-0.864953624442366 1
1.32086644210194 0
0.133374867242146 1
0.427446551262113 1
0.37607196005518 1
-0.196067107583408 0
-0.901194908723348 0
1.48667704934728 1
-0.0785590053919595 1
0.826934235068145 0
1.08361647328189 0
0.688690189332378 1
-0.75878043196626 1
-0.792740910028314 1
-1.63053376960639 0
1.72169580238159 0
0.527463381840313 1
-0.614465698484737 0
0.53398040031947 1
0.116842350782682 0
0.99088903326192 1
1.03666960524895 0
-0.10301639915756 1
0.622847228486908 1
1.56878115047083 0
1.19507658431433 1
-0.816321296168019 0
0.430663214964697 1
0.64529300928581 1
-1.25132366413432 1
-0.443330687496041 1
-0.00403608253023129 0
0.570199565213562 1
0.489890654778394 1
-1.44057387253405 0
0.524423589574371 1
-1.58343600242441 0
-0.892922908655303 1
0.536233386598407 1
-1.24311482074829 1
-0.0510155901085351 1
-0.0366194604856126 1
-1.01615992556104 1
1.17345396910687 0
1.33950331064514 0
0.689811084978326 0
-0.450611393764747 0
-0.565387862617363 1
0.0974264120707297 0
0.755950484072295 0
0.921893302394449 0
-0.197566668891613 0
-0.0909639493304694 1
-1.19901841631537 0
1.94253705594119 0
0.177599707865119 1
-0.654364532943486 0
-0.413657130621129 0
0.384661318141575 1
0.088357374130015 1
0.556277465912966 1
-1.48134548915524 1
0.728120183211319 1
0.0415525318107998 0
1.07441951635594 0
-1.4638956904303 0
-0.20641253058614 0
2.37972655540224 1
0.252926626267691 0
-0.570717111620832 0
0.620754936849165 1
-0.119006054689667 0
1.29896600808842 1
-1.97103770089953 0
0.201805865990647 0
0.670532050133255 1
-1.17155314869184 1
0.85282080094305 1
-0.901611076781186 1
0.871236592275994 1
1.27540095651124 0
0.56578535386723 1
1.14143632177025 0
-2.71265018856541 1
0.2094227067451 0
0.935788952360503 1
1.26594007561173 0
0.0137171371558988 0
0.927384858064584 0
-1.08653748838704 1
1.13792866876761 1
-0.967001750769509 1
-0.190744073709066 0
1.72022885607752 0
-0.187175553329406 1
0.0831939234680705 0
0.473359385901007 1
1.11311589117693 0
0.721547355545064 0
-0.24759948443677 1
-0.3118275922932 0
0.225181510471347 1
-0.0168505269392074 0
0.785660316010935 1
0.848050836638444 0
2.0937325675483 1
-1.50992904995333 0
-0.341898255595163 1
0.607251697514239 1
-0.457024298928759 0
-0.225404065351016 0
0.249846968000282 1
-0.504294675914116 1
-1.80326478004653 0
1.58226919773506 0
1.11270763371354 0
-1.30813691695793 1
-0.342771725471371 0
2.31544499120887 1
-0.267408998017838 0
0.269245170151314 1
-0.300449885835032 0
0.174204776953632 0
0.242288270247617 1
0.241131428836164 1
-0.468641198304547 0
0.241804096192732 0
0.252363286187428 1
-1.21350437439212 1
1.25340544721756 1
0.83009663089337 1
-0.898469024599106 1
-0.629286743507545 0
-1.27732362650954 1
-2.77618984802117 1
1.25652821573288 0
-0.243124266044218 1
0.802233545370698 1
1.62183516966768 1
-0.754166256093768 0
0.910791776320181 1
0.917171527300901 1
-0.046239790288472 0
1.31986621143862 0
0.240676454272536 1
0.593749484284643 1
0.898832355350442 1
-1.1584927071355 1
-0.233320238868364 0
-0.298112348261372 1
0.656720734967912 1
0.516707453614374 1
0.192416573855778 1
-0.934697778194383 0
0.158763115231815 0
-1.681317729017 0
-1.16061666113435 0
0.430417147278832 0
-0.89324024414999 0
0.517864096583006 1
-1.00750942550103 0
-0.813874496160833 1
-0.398848269553886 1
-2.03895749834011 1
-0.423059270503802 0
0.161856860714757 0
-1.2208160637396 1
0.305561567756447 0
-0.0412263872763809 0
0.0310378416371065 1
-0.235800974941877 0
-0.628623657573278 1
-1.1777928880527 0
0.381710399927461 0
-1.21803289163735 1
0.992259091315564 1
-0.715290458960306 1
-0.102418000275748 0
0.118663767837718 1
1.25799153152352 1
0.848179240259678 0
0.0925137368369665 0
-0.591584328317756 0
-0.0876323452801774 1
-1.51195554843842 0
-0.682470911646097 0
-0.955010586065746 1
-0.200294276403605 0
1.28860086636832 1
1.60264369219947 0
-1.93703089451816 0
-0.442158252328862 1
-1.18148088681576 0
1.85068371434628 0
-1.05854587675851 1
-0.671369605537141 1
1.15801517834997 1
-0.93045013364283 1
-2.08787441732327 0
0.032625955211283 1
0.844665581189828 1
0.925028408849652 1
0.794029999549475 1
-0.665619387310206 1
-1.32437147922856 0
0.212184825544668 1
1.21290619444302 0
1.77114475608164 0
0.298773281242721 0
-0.000855520700125554 0
0.190829617473305 0
-0.711309907439575 1
0.763902477612266 1
1.02782902252345 1
-0.851095769952857 0
-0.7614633309843 0
-1.45183600045696 1
1.36298226034328 1
1.61761286488469 1
-0.852274888381146 0
-0.803288327867194 1
-0.750584250062266 1
-0.754842947136556 0
-0.877611474821952 0
0.931770856856621 0
1.01959169560725 0
0.297376240477256 0
-0.271600666355072 1
1.54795536536232 1
-1.05779834298229 0
2.23007312567808 1
-0.0919847297853852 1
1.32313240405284 0
-2.3129210290217 1
-0.752083578700919 0
0.83604375695078 1
0.757045178910234 1
-2.35549477897289 0
-2.31704995414502 1
-0.157244196271048 1
-0.220525541091849 0
0.0643367597191601 1
0.00712661868373721 0
1.34523967000155 0
-0.559615146426935 1
0.213079855242436 1
-0.780811820453715 1
-0.43374463350052 1
1.00239595729034 0
1.61507431846483 1
1.48358362177328 0
0.210025449077584 0
-0.0726015617809333 1
-0.943393794491213 1
-0.632424466181157 0
-0.390802437128841 1
-0.619732138982845 1
-2.62879532049385 0
0.236156528716782 1
-1.23499419084775 1
0.157537606408421 0
0.374442845801613 1
-0.13871029616202 0
0.154781367958908 1
-0.00428811180167545 0
0.871516047809259 1
-1.00281604228004 1
-0.627266493561713 1
-0.244209976422782 1
0.651805145555413 1
-0.292872967159516 0
-0.785840549223689 1
-0.805653886978152 1
-1.91455296471345 1
-0.304740099448735 0
0.570054201630662 1
0.831891869667803 0
-0.779955077011443 1
0.560425263542407 0
-0.77728667297541 1
-0.64029913139539 0
0.570626349053785 0
-1.97282473689197 0
1.35840770558376 0
-0.464233404860438 0
-0.0816342313960919 0
-0.301207283837024 0
-0.415503362200492 0
-2.54126681390753 1
0.517650935481183 0
-0.617553529429854 1
0.870675838976089 0
-1.44632422844336 1
0.65499226719181 0
-0.942041031239602 0
-0.532791587422541 1
-0.25701870951124 1
-0.934683183019194 1
0.170978135152597 0
0.591218918060334 1
0.397393276304714 0
0.931674205302407 1
1.62966518764781 0
-0.643527271582223 1
-1.29338522138964 1
-1.17049551742856 0
0.365251992010651 0
0.176422917810296 1
0.241181457219372 0
-2.18815777234225 1
-0.646631629865491 0
-1.37338298141873 0
0.152760236613599 1
-1.21368624780669 0
0.501517635043388 1
-1.29006320151149 0
0.805494919949711 1
-0.160665997281497 0
0.310078105407828 0
-0.727506793615241 0
-1.23980982165933 0
-2.40435514656871 1
-1.06296425382104 1
1.18258585934195 1
-1.60792936674927 0
0.238291904758011 1
-1.02358558453128 0
1.47839170278783 1
-0.764208820499582 1
-0.260012480588379 1
0.797741361591879 1
1.85418849934534 1
-0.45243710005526 1
-1.73346831963535 1
-1.18766562895424 1
-0.54195209317977 0
1.15220204823411 1
0.398989558022464 0
-0.338162247086001 1
-0.024798530620738 1
-0.71126947856647 1
-0.694576405116164 1
0.916465369643303 0
-2.30814453656543 0
0.493492740067325 0
1.77031171610231 1
-0.159580889031287 1
-0.614170470195997 1
-0.0658169181128003 0
-0.0100065545777451 0
-0.897999740820579 0
-0.979520070255788 1
1.23086897211801 0
-1.38332994713279 0
1.70685277383541 0
0.436945582624643 1
-0.288238050384518 1
0.764870889365151 1
0.913605355358881 1
-2.73666246153005 1
-1.79819731498247 0
0.160017867763847 1
-0.812424466153619 0
-0.708907528235201 1
0.724959784583031 0
-0.378160006445831 1
0.152579769884157 1
-0.227192169577446 0
1.16855545732859 1
0.629129092760151 1
-0.779293167142765 0
-0.319462460856766 0
0.146481064707964 1
-1.5293577382698 1
0.47566056159454 1
0.738489542924106 1
-0.139809557966948 0
0.207592663798911 1
0.20054694708196 1
-2.93800791981649 1
0.31934436186173 0
-1.01956585505503 1
-0.831157688762161 1
-0.217741309741252 0
-0.338175288225699 1
-0.262606097964745 1
1.25654693128637 0
-0.409278593253073 0
0.825283950128169 0
1.55861279375586 0
1.65169764466053 1
-0.566139150831537 1
0.681191957260272 0
-1.58689242363659 0
0.141820242152565 1
0.586860259161891 1
0.130252696480951 1
0.0566516679618415 1
1.18015217867921 0
-0.0769514320114488 1
1.33617198496763 0
0.467152690139449 1
0.172872738543759 1
-1.80257267362309 0
1.09268818874621 1
0.257332456679881 1
0.807005837721124 1
-0.781557344083771 1
-1.39007716012001 1
-1.51308435534639 1
-1.10483186953404 0
1.01362929975848 0
-0.465711589239923 1
1.22360874648258 1
-2.36752492384708 1
1.71222311935929 1
0.515483788690908 0
-0.711200636415032 0
0.566363384078138 1
-0.202235873890906 0
0.0914179769266049 1
-0.669826971271075 1
-1.37602349322765 0
1.83996587937237 0
0.577334920478709 0
0.916740548711471 1
-0.953070560656029 0
-1.04339813853944 1
-0.026008150838076 1
-0.196479812570577 1
0.148412871416362 0
-0.569789869522658 1
-1.31973356801698 1
0.232461458129443 0
-1.27556937291187 1
0.0197246865047462 1
0.422092970326294 0
-0.423077833396908 1
0.668152300534197 1
-0.248799442844157 1
1.16503928305943 0
0.912682431303859 0
-2.24471398773693 0
-0.655931035822752 0
-0.972249804779618 0
0.760022564776629 1
-0.0729888594087839 0
1.11146351444338 0
-0.189939546244156 1
0.407378289929058 0
-0.442910020202636 1
0.982051120436027 1
0.421678146693021 1
-0.933899743889644 1
0.294075101986893 1
-1.00302318640513 0
0.889870446824553 1
0.449034820275775 0
-1.28419879208957 1
-0.523286275188508 1
-1.82767470262663 1
0.155401246046336 0
0.165428449334016 0
-0.990392217089926 0
2.01803368562042 0
0.789639316353034 1
0.650129475400131 1
-0.950790463584205 1
0.855891304114451 1
-1.59695238032685 0
-0.757813114806628 0
0.11433862072947 0
0.659580284291195 1
0.461904261878647 1
-1.15680324120632 1
0.302081872531055 1
-1.09997620079225 0
0.205706320810106 1
0.161497411200602 0
0.914414308812351 1
2.12843087340227 1
-2.35217047903488 0
-0.0951661503633387 1
0.565830949801642 0
0.53702330373698 1
1.35312009125206 1
1.26936701384361 0
-1.1133450465227 1
0.312754873686945 0
1.41272840303528 0
-0.737993559378557 0
-1.18830141719219 0
-0.151617609220336 0
-0.629318523061455 1
3.16050336726047 1
-0.0250827000138334 0
1.38048780541008 1
1.38196128607035 1
-0.157017291297489 0
1.68991470981781 1
0.241341087786479 1
-1.91836663094696 1
-0.585995382075997 0
1.10524363419072 0
1.06782126315062 0
-1.20420152710154 1
0.862805287284612 1
1.17781239533965 1
-0.484002827115668 0
0.0631005371687052 1
-1.26234545471988 0
1.44848786731876 1
0.369029683642804 0
0.30014879113514 1
0.0043500414674729 1
-1.72016282924466 1
-1.59389476680264 0
0.634238500137369 0
0.182361551166774 1
0.481750671802868 1
0.0864673734803866 1
0.197738448040575 0
-0.783400068345183 1
-1.04661866974118 1
-0.508175534373403 1
-0.596876568264017 1
-0.659288732239935 0
0.233408461600944 1
0.382453409106786 0
0.286587100180971 0
0.947054676704548 0
0.179395564442688 1
-0.00654968639494303 1
-1.06299563810667 0
1.4650812452401 0
0.733516122534816 1
-0.63105991921791 1
0.639849804167256 1
0.470485794905914 1
0.451496085262618 1
-0.0487626063372997 0
1.56667875878541 0
-0.783517426594197 0
0.287823929847332 1
-0.407871912351521 1
1.86794712046307 0
-0.389380146458266 0
1.09801543080591 1
-1.10914469496328 0
0.596511697399355 1
-1.38862462241228 1
-0.811155381518314 0
-1.20305061865683 0
-0.00300573332835751 0
-1.70268753221974 0
2.8102616233042 0
-0.479968187226363 1
-0.321046161911068 1
0.865542163537094 0
0.951992604966552 1
-0.951064642684191 1
-0.448510296617032 1
-0.90882148814681 0
-0.18554664364226 0
0.680301142136736 0
0.0961664357426225 1
-0.248923082036848 1
-0.87875719970047 1
-1.23891449833768 1
0.313245626581505 0
0.317407697732903 0
1.19668450207338 1
0.225701912040812 0
0.141799113713543 0
0.659978062994038 1
-0.169731760253447 1
1.01026950534 0
-0.548381576078183 1
-2.21227458855607 0
-1.12768214736502 0
-0.490086435369377 1
-1.35342895602089 0
0.84001438013699 0
0.0867330026214949 1
-0.842789720043482 1
-0.883854448144935 0
2.38738526476008 0
-0.620684045109111 0
-0.27641401792341 0
-1.47005887731168 1
1.01002682074568 0
0.473149425884841 0
0.895732160537238 1
-0.380196201773249 0
-1.03653062430897 1
-0.61213582404752 1
0.926016035673366 0
1.42035435515358 1
-0.748446976868025 0
-0.385184499875239 1
-1.45369529914234 0
0.663833425681154 1
0.956863826360678 0
-1.40468751863634 0
0.0876060074053327 0
-1.04566802515049 1
0.965542020856505 0
-0.726393106950783 0
0.170894716443834 0
-0.154321128177899 1
-0.289632983781318 0
-0.815884866661857 0
-0.556756618126005 1
1.45955285083744 1
0.0863303030601272 0
-0.85540304858768 1
-0.212986624125664 0
0.871070761416764 1
0.194944624265817 0
-0.412851453331569 1
-0.472407531125437 1
0.721588432869274 1
-1.77013287575145 0
1.54665549741496 1
0.259986512877269 0
0.305357775874958 0
-0.0429343292671807 1
0.142290950007325 1
0.868810270209805 1
0.346318306583948 1
0.595947923984668 0
1.12265984030252 0
0.794155295667166 0
-1.45026450837125 1
-0.709932409864902 1
0.152929320263965 0
-1.4112076251834 0
0.681667970118817 0
-1.59951706895412 1
-0.553649704524108 1
-0.334084390734533 0
0.384997400652422 0
1.0680678939107 0
-0.467733071953598 1
-0.053674342123669 1
0.961869296560477 1
-0.425487972424658 1
-0.421070151092767 0
0.496670562812563 0
-0.172463219717837 1
-1.09232065159131 0
-0.254277387844872 1
-0.391929810485147 0
0.91844261338784 0
-1.47655593288662 0
-0.322462103100394 0
0.193536939888308 1
-0.254378247282155 0
-1.03052883714137 1
0.167371245986735 1
0.466088242014804 0
0.310952205407222 1
0.624183499402764 1
-0.541739536168619 0
-1.22924385183225 0
0.470184399337116 0
2.20528163391186 1
-1.35484585045962 1
0.357010711052398 0
-1.24948531115014 1
-1.45506486973372 1
0.757081184636203 1
-0.822955103482113 1
-1.96329021584359 1
1.19488516387962 1
-2.05516148114866 0
1.1148807604748 0
0.00613344396059515 1
1.12119928849526 0
-0.615091831849004 0
0.705965618378521 0
2.77244995722918 0
-0.788339255303199 0
1.81970836088078 0
0.146005133094593 0
-0.0661838305699805 1
0.0845911041817756 0
-0.348330612135408 0
-0.262979043849888 1
-0.0297801149768542 1
1.49704525475407 1
-0.6380612021793 0
-0.254521884351441 0
0.208938000505492 1
-1.78847004249302 1
-1.26911976184029 0
0.0100101322025107 0
-0.36104292150176 0
1.41416413351383 1
0.548804873959874 0
-1.74992069288939 0
-0.205086742996882 0
-0.12791167625289 1
0.55500753988191 1
0.678215591810787 1
-0.268510258282213 0
-0.649117392146358 0
-0.101338211836602 0
1.07294197518538 1
2.30775034908953 1
-0.942865096007222 0
0.923262728144581 0
0.788183196814502 1
1.07117501027208 1
-0.796074656164789 0
-0.842572443927434 1
0.780705026415653 0
-1.60477994885607 0
-0.959834712744401 0
-2.17396981346992 1
-1.32819738107287 1
-0.542912051625662 1
-0.317429555878671 1
-0.251140587296968 1
-0.703850993910928 1
3.14413110881824 1
0.692446788141489 1
-0.046162687828637 1
0.168285241346043 1
-1.32368602447181 0
-0.963756429411706 1
-1.34182320739489 1
0.0311828120386459 0
-0.327707509947537 0
-1.85703635989948 0
2.09236808365487 1
1.17914493336173 0
0.376677499028523 0
1.30949319877507 1
1.33060454816391 0
-0.217562084722398 0
1.12601729984449 0
0.374947514016709 1
-0.540781021838672 1
-0.352353251132245 1
0.147033693018403 0
-2.05135142361975 1
0.443728368453255 0
-1.24966617865026 0
-1.19615216850722 1
1.15537252641974 0
-0.629711912181192 0
0.644856000570028 0
-0.70363845199957 0
0.00495786326554631 1
1.81682104618128 0
0.744453943491688 1
-0.78129691567781 1
-1.10538488238832 0
-0.834746843279272 1
0.115379270920687 0
0.638325485199534 1
2.60580589261171 0
-0.79312721174889 0
-0.273211531259703 1
-1.09610893395672 1
-1.64438408396936 1
-1.40228416041279 0
0.813340390552379 0
1.16634558919724 1
-0.488567715360532 1
0.0712026279923536 1
0.163074966501725 0
-0.367449845173101 1
-0.870849224330934 1
1.37277403166535 1
-1.47122036170959 0
-0.799834414235937 0
-0.208719392220258 0
-1.39204222081148 1
-0.60428925804237 0
0.78150208212148 0
0.593693508765079 0
-1.31197581579002 1
0.0309766071971954 0
0.099285715214431 0
-0.148905396343931 0
0.499131555880706 1
-1.46110763141995 0
0.524373293778059 0
1.30862461618128 0
0.967020449616576 0
-0.550116663730236 1
-1.01599404626267 1
-0.78186659786435 1
-0.329408530561302 1
-0.118314051778954 1
0.629765082773461 1
-0.481205356339049 0
0.293918366896068 0
-1.91152777305029 0
-1.25959313455944 1
-1.76031469220467 0
-1.74312663207287 1
0.823881909553948 1
0.216657761532642 1
-1.5840998946389 1
-0.418680769697154 0
-0.855151186069863 0
-0.141839543123457 1
0.107976881815518 1
1.44013391036559 0
-1.33484971292363 1
-1.02216149741747 0
1.76575446998075 0
1.31260793096829 0
-1.0028317581406 1
0.699934613555572 1
-1.67114158733805 0
0.534983500255717 0
0.230844205048107 1
1.22238599902539 0
0.756920602994095 1
1.86909776325574 0
-1.45088485939463 1
1.64074671229893 1
0.118398550128256 0
-1.55767465781002 0
0.776384173985239 0
-1.12715633699571 0
-0.998601304248089 0
-0.832981777494918 1
-1.81786424155358 0
0.555547208068402 0
0.557017396120065 0
0.215414139161577 0
0.682694038086459 1
0.761738150637609 1
-1.44111328684962 0
1.32352021685985 0
1.35003266803488 1
-0.688950787172715 0
0.497124643211525 0
0.972054062891589 0
-2.26363745311271 0
-0.42419421332175 1
0.766528995722085 1
-0.401746540376246 0
1.13576146424334 0
-0.0868136739582031 1
0.336643354952647 1
0.546665902754285 0
0.744613286406573 1
-1.06929832018152 1
-0.284201044575011 1
0.944389601614665 0
0.447468003733558 0
-1.48620682502117 0
-0.116719061354429 0
1.00393165467178 0
-1.28282834815306 1
0.74347048566814 1
1.24631859700378 1
-1.50514843509596 0
-0.0536688311435114 0
-1.83447831351523 0
1.51151228751831 1
0.853969381527629 1
2.02821395814114 1
0.308437277325315 1
-0.0214115769306713 0
-1.62266368681659 0
-2.24374960066548 0
-0.845837568665316 1
-0.316149368489476 1
-0.348616030682586 0
-0.0328963467978244 0
0.322755336994395 1
-1.66259396675909 1
2.16248367386062 1
0.000224880909632136 1
2.08395605548746 1
1.8094932449419 1
0.0764984168555595 1
-1.48836099093706 0
-1.42455070717065 1
-0.440760721976382 1
-0.667725577274973 0
0.499663767089315 0
0.294766831258479 0
-0.509185042710373 1
-1.87390344046207 0
-0.500256078562892 0
0.179088774462639 0
1.86670406305478 1
-1.33198290103798 1
-0.504166533290409 0
1.26621363471489 0
0.650448868175929 1
-0.497113248889172 1
-0.00427268138440802 1
0.0377453615814976 1
-0.273341951175567 0
-2.36833910267148 0
0.497047174245742 1
-0.801476072003991 1
-0.747921748929573 0
0.723191006706178 1
0.58319378103499 0
-0.988344935781484 1
0.74133291818687 1
-0.87732103117301 1
0.739916943744679 0
0.499636726639895 1
-0.947760457244982 1
-0.20556655540804 1
0.849683864372415 0
0.699802041296723 0
-0.483271678743059 0
0.559963323685871 1
-1.98927103994829 0
1.11579721412273 1
1.79957164803914 1
-0.993221184555315 0
0.340200836119411 0
2.16988233884611 1
-0.441644081941071 0
0.927603549351139 0
-0.0603032866323866 0
0.192613903088315 0
-0.0764601119428323 1
2.58042716963266 1
-1.14981688398982 1
0.259972332885032 0
0.0904788177245225 0
1.0681439148418 0
0.11173288489353 0
1.81867441459824 0
-0.272620544669876 0
0.305950653964795 1
0.463946042032792 0
-0.868443156181906 1
1.25037125643683 0
-1.01977360753347 0
0.224442471605176 0
0.311605949720719 1
0.293535993129618 0
-0.87846181223413 0
0.560319753908721 1
1.04240057181383 0
2.0313748880539 1
1.04919437143726 0
0.794362537154644 0
0.39790117122448 1
-1.47618833278702 1
0.466950831386544 0
2.18851843949255 1
-0.0399499544030346 1
-0.601092121383743 0
0.151430946629192 0
0.26284387519258 0
1.92701947118021 0
-0.295819782731093 1
1.81189773105425 1
-0.309623358430271 0
-0.837429841589972 0
0.743598067929767 0
-0.0872334323569526 0
1.65446045284682 0
0.561215325123953 0
0.370998913959706 1
-0.978925632068129 1
0.141805786787481 1
-0.257994851990718 0
-0.0486956359626678 0
-0.112446287285402 1
0.893715754188012 0
-0.783813158830599 1
0.511356191176473 0
0.783483158521301 0
-1.67068586410891 1
-0.497297084595823 1
0.0284306203375856 1
-0.00145590267285613 1
0.764056187198482 0
0.75819346753904 0
0.0307711468863695 1
-0.565481239248536 0
0.7023959579603 1
-0.108679569363479 0
0.690561911875464 1
0.389255416468082 0
0.674639338439684 0
-1.71417696748436 1
1.86019750875856 0
-0.161060669449506 1
0.748222084682131 0
0.195358181168788 0
-0.119729545289597 1
1.65157613411042 1
-0.216767927680744 1
0.747731132366828 0
-1.17830418378705 0
0.624044324695183 1
-1.2518185576004 1
0.874679166608287 0
0.0914915610340794 1
1.9461155485496 0
-0.670787126185707 1
-0.974300915253829 0
-0.703312682472993 0
-1.2510076475853 0
1.52750941096785 1
1.91978904160138 1
0.470770457625584 0
0.750850695732419 1
-0.344397458956076 0
0.309873979208514 0
-0.362417984206464 0
0.0911805324208771 1
1.86842923704835 1
0.898391507926882 1
-0.541849667454382 0
