0.627032415386316 0
-0.0688549416811914 1
-2.38645361042414 0
-0.511273573494644 1
-0.533536366140992 1
0.15876712942952 1
1.70086111867252 1
0.0699327514974568 1
0.85545105675042 0
-1.4779070839228 0
-0.971276476361863 1
-0.150183071251431 0
-1.03969938016702 0
-0.658011156227222 1
0.168363943530679 0
-0.261708391755706 0
0.103560274493653 0
-1.25806518544381 1
-0.404859835887056 0
0.859010838916723 1
0.112516152774139 0
-0.375179451956328 0
-1.51269554951411 1
0.405290606250521 1
0.536578662163091 1
0.193887341096915 1
-1.05840218794916 0
-0.694197634739661 0
0.283072827551128 1
-0.645239591201047 1
-0.220201860530593 0
-0.348278064001578 0
1.27738615826002 1
0.772456173355672 0
0.180211419530609 1
0.925254459906263 0
0.457452288699951 1
-0.707104941264806 0
-0.318448503223945 0
2.05142310607376 0
-1.80927316730871 1
-0.857680469289097 0
-1.15303209663865 1
0.0686718176952616 1
2.34189436641134 1
1.01184083401865 0
0.445361767612248 0
0.58460828783634 0
-0.751329258850753 0
-0.391735843760344 1
0.767589172400449 1
0.0834414474024358 0
0.336100857283495 0
-0.489657122995263 1
-1.82831673917954 1
0.445496071525534 1
-0.550153483774298 1
-1.29349053046681 0
1.5158837622229 1
-0.567111664993183 1
-1.14301767842661 0
0.191673937941925 0
-0.164571563281311 1
-0.776072414598654 1
-0.243371667334072 0
-0.299836773713327 1
-0.373951786773855 0
2.18082681375617 1
-0.614476439423463 1
-0.117895899132682 1
0.357804035631516 0
-1.19803474816816 1
-0.382770479513978 1
0.155947198090706 1
0.0237369729852123 1
-0.615848458675019 0
0.22652537835867 0
0.69335955140067 1
-0.72701788808272 0
-0.95837554781139 0
0.203961191424107 1
-0.394425945771802 0
-0.565836712397411 0
-0.742950294069483 1
-0.954054200118296 0
0.499176568781275 1
-0.24712433506903 0
-0.233122529410819 1
-1.11398842593851 0
1.18427529365516 1
-0.42112557552518 1
0.467810537589506 0
0.182397944129715 1
-0.423940767350902 1
-1.51719070909928 0
-0.299618341979875 1
-1.21608471356273 0
0.953190361822638 0
0.987442490867742 0
1.69432665835268 1
-0.221373456821248 0
-0.501925403452459 1
-0.656218514895918 1
-0.386628553125306 1
-0.423248380119347 1
-0.78879323672312 0
0.110295752523591 0
-0.463153365494982 0
-1.24720727900045 0
2.1915374438414 1
-1.29362838788238 1
-2.32019714608343 1
-0.302384922600483 1
0.603901074639461 1
0.433145484230691 1
-1.43316594252947 0
0.6128205838482 1
-1.30208866630578 0
0.323438839583523 0
0.88327586215785 1
0.39289573990305 0
0.254374157387499 1
2.6497322616145 0
1.01346491329878 1
-1.26172430503234 1
-0.201819935693442 0
-0.516554727736674 1
0.11563249218693 0
0.277297440863075 1
-0.562927705557491 1
-1.33574575986512 0
-0.078143974928739 1
0.65465863384165 1
-1.10934117744617 1
0.30620385000408 1
0.231304991517524 1
0.326767867200375 0
-0.243500768059644 0
1.39291711289772 1
0.0860854532830761 0
1.83094926345481 0
0.0860485686160281 1
-0.022133030432523 0
-0.112136942742434 0
-1.28686514274339 1
0.590770435077355 0
1.15721458900299 1
0.924954130646972 0
0.305586946256394 0
0.00952705072293244 0
-0.432263743248475 0
0.13568698889647 0
-0.795517719844676 1
-0.832723707447334 1
-0.175033191618639 1
1.62749989991922 0
0.646964004127492 1
-0.468479150857538 0
1.29885326926961 0
0.228088498759899 0
-2.59852396755309 1
1.497228068715 1
-2.80946681035471 0
0.00409234232724106 1
1.55334182842432 0
0.103639626702499 1
1.18691664751897 1
-0.981297673678931 1
-0.954882299099042 1
-0.0103928397409246 0
-0.496693637834574 0
1.2594364210572 0
1.5490076092432 1
1.72787613934958 0
0.626682780372514 0
1.13074596167629 0
-0.200645286984466 0
0.462771150702665 0
0.317832133669877 1
-0.331482619013703 0
0.11686470870541 0
-0.150098738886449 1
-0.731663159555797 1
-0.534152704533574 0
-1.01526588688811 1
0.692854097812873 0
-0.237677608533998 1
0.412670012163811 1
-0.0875659392494302 1
-0.527263907593198 0
-0.198526813164427 1
1.04046470259554 1
0.767842883568825 0
-0.423058040548591 1
1.00956424256491 0
0.672383382558997 0
-2.05167528111328 0
-0.180607515921039 1
-0.177282922211532 1
0.458276050201645 0
-0.15028357565426 0
-0.903628679778036 1
-0.753860656114791 1
-0.565406184784584 0
-3.34878133916841 1
0.824468285290617 0
-2.18295748385083 1
0.487929385412887 0
2.65676630999397 0
0.616903878389035 0
-1.36026814844398 0
-0.36328905862685 1
-1.3074383194184 0
1.09843521526 0
-0.371370851299008 1
-0.190737324300718 0
-0.0890612915023487 1
-0.584243323857369 0
1.47916717335778 1
1.99363604486055 0
-0.0873526288044149 1
0.152948518864712 1
-0.0275637397974216 1
0.73623838038385 1
1.7350608799422 1
0.354954975851983 0
0.930606209174706 1
0.919217216830067 1
-0.118546781451945 1
0.346619046828972 1
-0.561765275427222 0
-1.18767652082294 0
0.801412437201725 0
1.04741707794773 0
-1.4192146113459 1
-0.892198132023479 1
-0.803371289823997 0
-1.28528796437744 0
-0.79520804501375 0
-0.791907275182787 0
-0.00361132440983665 0
0.575429282012905 1
0.737032642035078 0
-0.765810869707212 1
-2.16189615216573 1
-2.79358038351125 0
0.899835655761743 1
0.848882989718773 0
2.29987851946013 0
-0.237298682358911 1
1.91123502160738 0
-0.0655449353287656 1
1.28143368374102 1
0.769648954509452 1
2.35672286267386 1
0.789833339236616 1
0.239544293961897 1
-1.87982531574184 0
-0.378570636000014 0
0.01433037460341 1
-0.424489367947079 0
-0.869116385177139 1
1.81171121360386 0
-0.172069739003406 1
-1.44603579415691 0
0.322424060736755 0
0.370124316777583 0
-0.27161878260821 0
0.75975518063083 0
-3.69170367039318 1
0.924473343837801 0
-0.855244786500951 1
0.400471340917532 1
-0.276981206135489 0
0.210553166374556 0
-1.97052289889395 1
1.8234041977877 1
0.440121494350018 0
-1.08677614594617 1
-0.321928282683417 0
0.444067465814914 1
0.399840940998905 1
-1.12451348104355 1
-1.29895815265075 0
-0.87549188586822 0
-0.836683540951418 0
0.724279424159515 0
-1.19187301002496 0
-0.255533933160248 0
-0.0703787800559006 0
0.124870370046859 1
1.17511296743436 1
-0.215047549461167 1
0.0693133020294787 0
-0.124360169425533 0
-0.629342601626782 0
-0.70489437634932 0
-1.33135520536406 0
0.385328478644516 1
-1.25830953374109 0
2.57540934503293 1
-1.73216778251177 1
0.610611899813285 1
1.40085821843442 0
0.879319047838755 1
-1.02818427831499 1
-0.066625002711793 1
-0.522955332763401 1
-1.74110430851463 1
-1.78679566441923 1
-2.31406481671702 0
-1.58646045655834 1
-0.549970631408608 1
-2.31612853842214 1
-0.042210884525318 0
1.25763223417898 1
0.368589949840717 0
-0.927089665026162 1
-0.967576531721019 1
-0.372234910494663 0
0.1067136116632 0
0.525273549409303 0
-0.0407029034075724 1
-1.55901324436527 1
-0.00348328160285126 0
-0.856411642738948 0
1.90827635981106 1
-0.254058071010643 0
0.308758859870753 1
-1.13206660779265 0
1.30862082155574 0
-0.504432980947758 1
-0.433310144014951 0
0.5084125726229 1
-0.630820594849302 0
0.336839765687396 1
0.32371269573141 0
-0.830037029372686 0
-2.32728766117764 1
0.154780313588284 1
-0.0862013210882648 0
-0.613381221246106 1
0.250075968769148 0
0.181861668311463 0
0.298931409149051 0
-0.831020654956889 0
0.462553975337438 1
-0.840197471405249 1
0.630254360039119 0
-2.7540138595931 0
-0.6282321768666 1
-0.245200940618342 1
-0.080738431494896 0
0.555902228644752 0
1.33663400337876 0
0.706492625869855 0
-0.677100080428398 1
-0.203592079973626 1
0.463495015488495 1
0.181227802842101 0
0.700458195558493 1
0.447775879954716 1
-0.538600038556281 1
-2.04681042744802 0
-1.47160346545932 1
-1.44439875262912 1
-0.535808684402655 1
0.677952754843278 1
-1.02914208930733 0
0.515019388983712 0
-0.136560187654078 0
-0.268275409181515 0
0.899536376887021 0
-1.2375290275013 1
-1.79085950224677 1
-0.0908469284852367 0
-0.0244400146963053 1
0.116269139668768 0
-0.418881950578946 0
0.644651159572779 0
-0.188254570094639 0
0.383077544125234 0
-0.56209660930883 1
-0.739432806937634 1
-0.115648407965886 0
0.865017738403713 0
-0.947111552213371 1
-0.0418886676286378 0
1.99128504201979 1
-0.235708230194374 1
-2.39910977329122 0
-0.165566730847075 0
-0.463426305063178 1
-0.502148227388079 0
1.88886376054022 1
2.53830568458461 0
1.7370722966384 0
-0.650964130577002 1
-0.00161044774773246 0
1.52719003208336 1
1.05662094375728 0
-0.21654829236982 0
0.569558173066951 1
0.089706086195494 1
-1.05381990761702 0
0.897786763592576 1
1.04793304492462 0
-0.319733560531073 1
0.49442609793669 0
-0.0549066309213179 0
1.29998593615664 0
-0.330948766736651 0
-1.5380857113976 0
-0.59044371456862 0
0.526348645599842 1
-0.278817206513703 0
1.24347830790702 1
0.272050102831285 1
-2.217716760795 0
0.716877460436886 0
-0.82126000778035 1
-0.335522298712862 0
0.5538497807636 0
-0.627852293516332 0
0.205257447966496 1
0.936584603042742 0
-0.197399753841953 0
-1.64569079272822 1
2.53890074457646 1
-0.717847679216923 0
-2.21018942032802 0
0.62988186636494 1
2.241489585019 1
0.463648283469137 0
-0.234818340752595 0
-0.073820107962232 0
-0.203678018577674 0
-1.08653869389516 1
-0.435358711589479 1
-0.419716214093472 1
-0.0677320782276002 0
0.437768595579547 1
0.454144823887939 0
0.399689141761619 1
1.04899270375797 1
1.72956628780823 0
0.956442811178289 0
-0.192060080807391 0
0.248554203047253 0
-0.886826499156587 1
-1.11578297069229 1
1.2184806419172 0
-1.56363564398177 0
-1.38257509748899 0
0.0982150318565241 0
0.707438003581094 0
0.330367968975904 0
0.411861108494457 0
0.312250782539351 1
0.372392527707787 0
-0.179086316803972 0
-0.60398399271403 1
-0.13719792129459 1
0.102999280371683 1
-0.490588893331611 1
0.065896259141488 1
1.27282813127656 1
-0.577408682096482 0
0.790001590421786 1
-0.477903369344822 0
0.187267173010259 1
0.258511779177531 0
-0.531281205679635 0
0.0348391113881059 1
0.922019531372929 0
0.285371454509199 1
0.368456399390507 0
-1.99865531904531 0
2.58543871146435 0
1.32466787138735 1
-0.292332685837233 0
-0.423085034434479 1
0.168812060174235 1
-0.671384085144822 1
1.32712682632861 0
1.47535406863154 0
-0.809969096049757 0
1.19420429303996 0
0.680363715628339 1
2.02999058590402 0
-0.690775484712283 0
-1.31665277672246 0
-1.39579941219147 1
-0.944384941663913 0
0.455730333271838 1
-0.201618319811145 0
1.91077623544704 1
0.313549177999365 0
-0.64685930649313 0
0.274201279477885 1
-0.439147761904085 1
1.19636749060616 1
0.511234717468833 0
0.90924319007803 0
-0.933639876459414 0
1.72863757409172 1
0.283993552834135 1
-0.566991977252324 0
0.749508057885332 0
0.0996277012500699 0
1.49155709042903 1
1.14433352443269 0
1.83873541355808 1
1.06845788356353 0
0.108077839597161 1
-0.375751874866543 0
-1.32956657099086 0
-1.12132826787917 0
1.13382175658997 1
-0.189023138650938 1
-0.588444757108534 0
-0.411615222967245 1
0.64081120535038 0
1.58380113116891 1
0.252420759217179 1
-0.550209061976408 1
0.843455797913796 1
-0.863421515929329 1
-1.3714286125671 1
-2.88193228732537 1
-0.362417313917243 1
0.0218232446444805 1
-0.51793076819473 0
-0.0551589819227285 1
-1.3610537268617 1
0.228719358331971 1
-0.0640506238994243 1
-0.395319296235823 0
-0.807553260793625 1
0.632321022270529 1
0.918336712619641 0
-1.15164218099593 1
0.723791865586253 1
0.389866000848871 0
-1.14140894410775 0
0.451155414245879 1
-0.657306801426673 0
-0.473162488916413 0
-0.258697395923385 0
0.536727059108395 1
-0.314081437962219 0
0.00211717926854077 0
0.913084295274104 1
-1.45523574304697 1
-2.08525828592405 1
0.884498944686965 0
-0.297818124949703 1
1.88085018790521 1
-0.107827966073242 0
-2.25389450115689 0
2.03985772891514 1
2.94455866487648 1
0.730805483242982 1
-0.789501795991168 0
1.56051233347707 1
0.0177519663553975 0
2.85145804414833 1
-0.173486799297343 1
-0.738093909768889 1
0.941662085701316 1
-0.750536450887171 1
1.44650731623633 0
0.576001648312208 1
0.297351076386284 0
0.0548064869386302 0
0.0181079258985972 1
-1.56041871939398 0
0.835030436256644 1
-1.14216561353491 1
-1.42052422248098 1
-0.207721867349462 1
1.98226101695653 0
-1.14436085120223 0
0.288566286962156 0
-1.52171498528145 0
0.327742497655195 0
-0.111319191842264 0
-1.6847995734996 1
-0.108792570286986 0
1.08334869273251 1
-0.323208052489321 1
-1.97868312494825 1
0.217385421026301 0
1.48491814623711 1
-1.0741970300303 0
0.335810049563751 0
-0.651845352669339 1
0.301223016022456 1
0.467454518208422 0
1.21438668905586 0
-0.346180187082994 0
-1.51251964438583 0
0.453877851134201 0
0.207193768677102 0
-0.416861829476142 0
-0.631039478865888 1
-0.917693810776046 1
-1.12154106907179 1
0.782586212061061 1
-1.4154280098994 0
0.693950451533953 0
-2.71377810838637 1
-0.776695339178094 0
-1.70579440751737 0
-0.542852673222035 0
0.487959647227145 1
0.13430692755179 0
1.06981323437254 0
0.213160697076373 0
-1.5142036681984 1
-1.555974530352 0
0.528345124834792 0
0.485928586029349 1
0.826336804488827 0
1.11331384998343 1
-0.0175766000653615 0
-0.751440720155389 0
0.465909538445196 1
0.478129901226937 1
-1.43985118087737 0
-1.76580161033668 0
-1.31939374884214 0
0.02674395745876 1
-0.0723224767148703 0
-0.236364632357937 0
-1.33418748696932 1
0.664145203220055 0
-0.0400077532660216 1
-1.30703568863146 0
-1.41833905677336 0
0.353633861025993 0
1.02740683132635 1
0.426977043338654 1
0.209661030255891 1
-0.732987240434001 0
1.06816603888069 1
-1.08030051589073 0
0.876423290872275 1
-0.186020244627789 0
2.23626672125009 1
-0.0950511225126939 0
-0.134029767893413 0
0.0267944534133021 1
2.4228044547486 1
0.908572876518853 1
-0.193103942203623 1
1.56626505426783 0
-0.225512185705817 0
0.390419234779689 1
-0.560619197483253 1
-0.0169039356530845 1
-1.17143418788424 1
-0.357293754635575 1
0.168833246119976 0
-0.445066740161291 1
-0.210850024130594 0
2.7693835003241 1
-1.69080806777664 1
0.0919241041440606 1
0.474134240015575 1
-0.567572676967911 1
1.60053548703271 0
-0.283463992241201 1
-1.58390446237717 1
-1.27749544417144 0
0.347440871520793 1
1.33143816548354 0
-2.25389782890854 1
0.621613627503359 0
-1.44412117217517 1
0.620264570840452 1
-0.866812468208488 1
0.102638635034579 1
-0.342939505917301 0
0.363978770117757 0
0.811154535545782 0
-0.582545367267939 1
0.201088966826823 1
1.11294801469421 0
-1.32952360066309 1
-0.530716958993934 1
0.816307143958693 1
2.21591008715418 1
0.147693041965332 1
-0.582139153797376 0
-0.179381515556111 0
-1.40842605942557 0
-0.0112667600592694 1
-1.38433472168007 1
0.763838511380161 1
0.0815749320170776 1
-0.231167359717242 0
-0.367148896414169 0
-0.347619407543278 1
-0.457460073471097 1
-1.53174709948348 1
1.94923814277118 1
-0.0160410911331515 1
-0.109443317466755 0
-1.57816795725866 0
-0.21418627937983 1
-1.97781986277304 0
-1.58643649695804 1
-0.948288451713589 0
1.30238459290384 1
-0.320947592936707 1
-0.922467601966972 0
-0.978906056874786 1
-0.854346298174564 0
-1.01007848255935 1
0.893675975070582 0
-1.97842951661751 0
-0.926813971816181 1
0.0822681287756904 1
-0.650732239506552 1
-0.306565457091492 0
-1.04542476847815 1
-0.0675044430078231 0
-0.0965385021874762 1
0.0678408715513968 0
-1.61606692093159 0
-2.08194152631288 0
-0.100682455588284 1
-0.84036814041717 0
0.788599456468422 1
0.773576546081444 1
0.699335470873143 1
0.493753749843406 1
-1.39271780410171 1
0.102216233537775 0
-0.184957481319436 0
-1.35912656591687 0
-0.734037466361707 1
-0.302424766767271 1
0.250521955039287 0
1.00332139762906 0
0.874590716161284 1
1.14854513713695 0
0.336991826211502 0
-0.649352230643601 1
1.43721072221595 1
-1.15636535503997 1
-0.146668379898557 0
1.41254684858644 0
1.39805465962537 1
-0.282971923737113 1
-0.176866428942465 0
1.28828551864016 0
-0.240063525587338 1
0.676459174525095 1
0.743284853262383 1
-0.322742229849947 1
0.0975166794929797 0
0.977230518191788 1
0.250286355203095 1
-1.16387495122567 0
1.1877023600125 0
0.795024080748683 1
0.672893741234983 1
-0.814707021571998 1
-1.87847704003237 1
0.062449079837395 0
0.379260424097459 1
-0.964230358241105 1
-0.581538735016111 1
-0.0420277401799652 1
0.273170703001147 1
-0.792366572343733 0
0.644845372989607 0
1.76466319831015 0
-0.592177639981933 1
1.29880136213007 1
1.7400881207268 1
1.91247293470681 1
-1.64666155078298 1
2.15077513449673 0
0.944020121651004 0
0.317739300695626 1
0.332043691818017 0
-0.983998586205729 0
0.662260982808507 0
-1.1729482986643 1
-0.824680548016525 0
-0.696649788735066 1
-0.741399414151333 1
-0.0104825585952351 1
0.082595311907309 1
-1.94919560186418 0
-1.4810830663232 0
-0.446192694298178 0
-0.359438106495166 0
-0.495190931326872 0
0.124518028594522 1
-0.217526925248027 1
-2.83588756107273 1
0.410742231770727 0
-2.0487559102768 1
-0.727867234257634 1
-0.754961352410869 0
-1.81638485433264 1
-1.02501454906154 1
0.116901044963862 1
-2.27902864825755 1
0.194433954440715 0
0.345341473902205 1
-0.18225900398664 1
-1.404043358809 0
0.483814719234812 0
1.48877940119311 1
-2.25009003584725 0
-0.372067494054658 0
1.22850457152914 0
0.119439185892931 0
0.651177379773441 0
-0.964278757077652 0
-1.02800845960374 1
-0.515568402811633 0
-0.243359056297882 0
0.363825929328936 0
0.640175532359241 0
-0.678746163559075 1
-2.33557528731422 0
0.621331905610416 1
-0.0668614910606232 1
0.584356506032826 0
0.551000036022328 1
0.0968513566702094 0
-0.551648682419623 0
0.136099257476009 0
0.498940687793067 1
-1.07582021119851 1
0.311876696119578 0
0.233449927975061 0
1.25715521511654 0
1.10284453087424 1
0.147026272985298 0
-0.937315142377157 1
-0.882007961821229 0
-2.40264592741338 0
-0.500512757190828 1
0.368084141952628 0
0.717063173425617 0
0.846879127501455 0
1.67408121762087 1
-0.0375495692507904 0
0.0622108227777611 0
0.52716168399554 0
-0.516512074169992 0
-0.0942747335359368 0
-0.516590974850914 1
-0.165013535908837 1
-1.49676305735629 1
-1.79356056951525 0
-0.100502784183851 1
0.748706438655112 0
0.914743889242441 1
-0.0979337627515714 0
0.945421722750078 0
-0.0214679154336118 0
-0.236390349049616 0
0.0491913093857882 0
-0.480771937855618 1
-0.779874850662948 1
1.06129373957623 0
0.120100917029123 1
0.49947609136064 0
-1.27220254092749 0
-0.776525979406939 1
-0.116569899968057 1
0.252674884814377 1
-0.0755571102327201 1
-1.82657027973027 0
1.74757620432012 0
-1.16951946113624 1
-1.16782345769221 1
-0.53455795703726 1
0.214359618345242 1
0.783470512755295 0
1.20681259986105 1
-1.05159083372088 1
0.740518212736548 0
0.83720802628686 0
-1.22496639729151 0
-0.54027752260948 0
-0.129993314858089 1
1.2948828204629 0
1.4726371758021 1
0.751671762061963 0
0.0584496987579213 0
-0.921611332392069 0
1.21834066862485 1
-0.599402015403099 0
0.445870256860329 1
0.598270807549411 0
0.974910539825938 0
2.52214403120746 1
-0.0404222900852135 1
0.199716254684223 0
-1.60959695073599 0
-0.937665670660838 0
-0.345696752204996 0
0.635860887098915 1
2.10722264889504 1
-0.252965711751049 1
1.10710687182995 1
-1.18594437153532 0
-0.586381300711454 0
-0.70382442485552 0
1.12890778022511 0
0.230735110198516 1
-1.30540718874489 1
0.202371191687721 0
0.322204042682848 0
-0.78959945766368 0
1.9180240795068 1
0.0477408857597086 1
-0.287087299215567 0
0.464947042469736 0
1.03982435600186 1
-0.404928789421745 0
-0.230173322564431 1
-1.62692172269288 1
1.73715739058055 0
0.238295445730317 0
-0.654161347131511 1
-1.01634213810375 0
-0.133138590569036 0
0.260689796859734 1
-0.577227837437444 1
0.0630631481421911 1
-1.81118735047602 0
-0.664740497626528 0
-2.38385727439065 0
0.119974571679427 0
1.44723165289297 1
-0.194452459875887 1
1.88620478861419 1
0.169818881438528 0
-0.0960128179604071 1
0.412955920590873 0
1.20786352578167 0
-0.0303781193960037 0
1.28584916546801 0
0.92292686047236 0
1.21532601314886 0
-0.054097718846745 1
0.449623191630576 0
-1.19538247907489 0
-0.414358477360004 0
-0.62420519784417 1
0.53000191428315 1
-0.32610550261476 1
-0.129789528836013 0
-0.317844925825872 1
-0.380768426623313 1
-1.53020759434107 1
1.6539881428912 1
-0.852373752916241 0
-0.0497272989793367 1
0.280190706639086 0
0.727781053357431 1
-1.33017582768013 0
0.809979962270125 1
-1.4079217786236 0
1.49079809410858 1
-0.485201672158885 1
-2.14641472936915 0
0.399433302307057 1
-0.37934732428378 0
-1.00818262469766 0
-0.802881052326267 0
0.364063412497868 0
0.2460542688839 1
-0.0789276916988695 1
-0.0396276983119277 0
-0.271550979253721 0
0.434165033042074 0
0.0190163246795149 0
-0.945742377871165 1
-0.168847064519412 1
-0.0290041969346968 0
-0.138133286956282 1
0.328068519639278 0
-1.3177857315582 1
-1.35364236723326 0
1.06868337061069 1
2.41435170744431 1
-1.5452282008851 0
-0.869008794750194 1
-1.11308871853349 0
1.86970142198899 1
-0.546493366584722 0
-2.21256901967617 1
0.863638502897607 0
-1.31913834875646 1
0.67662149142446 1
0.550751845266783 1
1.1418311036844 0
-0.269916001556688 0
0.97951760028605 0
0.191887377108449 0
-0.585806391447114 0
2.7819708227288 1
-1.17401304698475 1
-3.28941487573932 1
-0.62420754231279 0
0.356720048189833 1
0.661861344050048 1
1.85505711624102 0
-1.61299043259299 1
-1.35889347185831 0
-0.587705058528915 0
1.00865048378692 1
0.568578282760393 1
-0.501270016423967 0
-1.34676161412198 1
-1.05995657074944 1
-0.0486274805926446 0
-0.530576314179444 0
-0.865744922476609 0
0.142256745313139 1
1.44403731380124 0
0.619465008678271 1
-1.04532935595117 0
-1.36929510056125 0
0.894211497775528 0
0.462668430192893 0
0.845412233691424 0
-0.00043498985236323 1
-0.721281955110796 0
-0.188282456099526 0
1.60460785348814 1
-1.51680882533632 1
0.367770282250907 1
-0.568909780704848 1
0.702695704601343 1
0.862990807636647 1
1.11540955837835 1
-0.693517468535416 1
0.0516680608305451 0
0.373844924963408 0
-1.67403204801653 1
0.642872790576346 0
0.323123203736553 1
1.39851953147876 0
0.625946088053683 0
1.79289060727769 1
2.03973294540091 1
-0.0711510307198616 1
0.319692278644409 1
-2.60732337883859 0
0.155755026582612 1
-1.18967233881649 1
0.15739772349089 1
1.55140967540438 0
1.33419436495709 0
-0.0860676378461871 0
0.399033207763554 1
0.611796989854726 1
0.515348280893211 0
1.14881201281405 1
1.12761794470648 1
1.47795911747879 0
-0.653514061020725 1
-0.734767019838029 0
0.965837536917075 1
-0.972463056623237 0
1.21795286302791 1
-1.85612003985247 0
2.32896556036831 1
-0.9720707662643 1
-0.839446848598702 1
-0.766600545877268 0
0.590419957263243 0
0.314797982425153 1
-0.0572113341770882 0
-0.5368138549316 1
-2.49198445589524 0
-0.837906792943052 1
0.258832246884789 1
-0.21990481252923 1
-0.536795245953453 0
0.943848593638336 0
-0.992267648964764 1
1.08805218050118 0
-1.2066977872893 1
2.17751488855429 0
-0.435083930352854 0
-2.04537846647213 0
-0.0358679083503073 1
0.0235396041939755 1
0.190409314431482 0
-0.47037652479451 1
-0.482844772705653 1
0.249057187978381 0
-0.105586581071625 0
-1.01475562167428 1
0.636018297180491 1
-1.19286566658481 1
-1.88114831099211 1
-1.5667536621147 0
2.74564922094659 1
-1.32270097381645 0
-1.78684953389924 0
0.100619665743427 0
1.75687151492206 1
0.552611534759984 0
-2.33098250936416 0
-0.00722540246935858 0
0.517367908760247 1
-0.841725542767355 1
-0.23948795339764 0
-0.156486089877249 1
0.962292166720947 1
-0.836772090995596 0
-0.0987963155179272 0
0.209144918411377 1
-1.14970712689518 0
1.42265280867495 1
1.46238277443548 1
-0.0167919449963227 0
-0.964994859758522 0
-1.86578951777837 1
1.42480124852676 0
0.885105475460509 0
0.658906379576389 0
-2.072763235713 0
-0.797256348692279 0
-1.79235128996148 0
1.07764753832076 0
-1.04678579351678 0
1.03987726626432 1
2.36529107537284 0
-0.522681385139659 0
-1.74331126839505 1
0.871806903924981 1
-1.42630514215001 0
-0.293448488382489 0
0.913441861999396 0
1.50095337384671 0
-1.75476237923236 0
1.68805671856144 0
-0.0708203690665415 0
-0.303601522382938 0
1.42780724225687 1
0.610451246721986 0
-0.684497208503648 0
1.37241944941334 1
1.42124638830176 0
-0.311830273361417 0
1.4278827396603 1
0.236760892264642 0
-1.38459658543133 0
1.32739269014206 0
1.66309304396984 0
-0.741994993148621 0
-1.52764333845143 1
0.891848084094281 0
-0.717769415152002 0
0.45890551296303 1
-1.00030933047753 1
-0.225822588542229 1
0.026196565354903 0
-0.407146546505351 0
-0.618587027057766 1
-0.350542415268031 1
0.402066240540643 1
1.06362652170393 0
-0.531956740728345 0
-0.458268293066399 1
-0.345642110418478 0
-0.536148720172106 1
1.34714151714867 1
-0.917176039611942 1
-0.876553307370848 1
0.406716404717655 0
0.00114780290573848 1
-1.26257284798944 0
-0.26901689370807 0
-0.803478067737535 0
0.491725943955747 0
0.383770674963376 0
-1.21835823873784 1
0.457060408887713 1
-1.4057752651608 0
-0.86306737148199 0
0.343281092658356 0
-0.314702246942813 1
1.00908877518711 0
-0.576174368672181 0
1.42836589109834 1
-0.506720539365615 1
-0.542960368666255 1
-4.23568195438173 1
0.266242432275997 1
-2.45470179056241 0
-1.45777721777081 1
0.66523178413943 1
-0.712822530227289 0
-0.343241145720677 1
-1.2016553975702 0
0.986932507604494 0
-0.53580946670171 0
-0.704088978076047 0
-0.18311288636584 1
0.478914788785945 0
0.418713841006282 0
0.143524434264942 1
0.268843966476016 0
0.720077818745415 1
0.565956318708379 0
0.0475067518806337 1
1.15728384136225 0
0.683923791675378 0
1.50462042838603 1
0.921724642726091 0
1.87622015147309 1
-0.230205706867583 0
0.947502578208902 0
0.359410890058409 0
0.329989231318528 1
0.43454145647163 1
0.262453399609326 1
1.19919851120772 0
-1.8144261030317 0
1.02498453001412 1
-0.548628042731292 0
0.0496296810367964 0
-1.72535938215219 1
-0.885522008385078 0
0.520097193125564 1
-0.194616872165489 0
0.453915277859364 1
-1.36565545014335 1
1.30023856729077 0
0.57777026670774 1
-0.369954745716957 0
0.376092513750448 0
-0.194517545220376 1
-1.25241557214126 1
-1.56291538173895 1
-0.163072757926689 0
-1.01764555456812 0
0.799188299145364 1
-1.46403663634415 1
0.509342680278282 0
2.17941663080263 1
-1.6658323380534 0
0.905791157622744 1
1.36463184550321 0
-0.421891708608267 0
0.212369909939917 1
0.370520309491159 1
0.0948768140837319 1
0.526770782493739 0
1.26953206025722 1
-1.18117929568615 1
-1.58437233379357 0
0.335309357846648 1
0.393794578177931 0
-1.6094521349778 0
1.07900620887217 1
-1.05419000431063 0
0.83264229112387 0
0.921823100172094 0
0.385167510196247 0
-0.568715312377525 0
1.84965711977524 0
-0.44633925430975 0
0.38567309551649 1
-0.411750593019086 1
0.0379879788527397 1
-0.553692217680249 0
1.55341784690728 0
-0.905800845169041 1
0.317142728021218 1
1.55707055499657 0
0.702659004999828 1
0.525747797223058 0
-0.919450590453789 0
0.581941594253834 0
0.0989465002753959 0
-0.612185747430046 0
0.00589959799137367 1
-0.0702622887200896 1
0.0876428557107984 1
-0.922383363303933 0
-0.156328926612123 1
-1.34469695806644 1
-0.990729841770401 0
-0.432057634277209 1
-0.0813268071176366 1
-0.289719176869684 0
-1.79040309058948 1
-0.99522446307994 1
-1.74082727222098 1
1.07270023749533 0
0.167100745890463 1
2.49751631788768 1
-0.351440419362846 1
-1.34144958977673 0
2.67290596320747 0
0.305872148172501 1
-0.19971888769439 0
-1.17248857656068 0
-0.941482292168671 0
0.748466897930885 1
-0.730083122265322 0
1.88537044587838 0
0.934160753855309 0
-1.77765067135619 1
-0.869077032754035 0
0.194192723676779 1
-1.42664584757058 0
-0.336498764437562 0
2.21147747299643 0
-1.14060791998017 1
0.527839793554121 1
-0.471576220919761 0
-0.467257250916119 0
1.93761318604231 0
-0.215040978134782 0
-0.111909768028516 0
-1.22829648922054 1
2.38592253803891 1
0.713996692422844 0
1.13238690628529 1
0.355695996800316 1
0.143244996291699 0
-1.1019928629657 0
0.683412014301193 1
0.0966379355090038 0
-0.313643440545052 0
0.639767801640813 1
-0.597520930449189 0
0.170115134354098 0
2.72215864803281 1
1.20613679667733 0
0.489958630363494 0
-0.238366984522358 1
1.64027530763497 1
1.10673707763119 0
1.49071497480546 1
0.169686311624848 1
0.70416062648754 0
-0.266013087445607 0
-0.00108216460078028 1
-0.580844636013857 0
-0.584279456416423 0
-0.202009730564497 0
2.61185609631432 1
-0.00283888986655211 0
1.35256595431609 1
0.659660203155161 0
-1.0053760738057 1
-0.69448977832563 1
0.943228613255939 0
1.95802631151347 0
0.950006822784135 1
-0.485749758659348 0
0.144377875027457 0
-1.49830133227144 1
0.215782468417709 0
1.41141886987057 0
1.05898191513526 1
0.47006570839754 1
-0.570533239246143 1
0.250516914706879 1
1.53778847899253 0
1.15825768154192 1
1.01374644052839 0
2.34280933696957 1
0.938608965438964 0
-0.332011007826769 1
1.20982881372089 0
-0.0694769385274949 0
-0.972226562979553 0
0.807409094288542 1
-0.913877048594376 0
-2.28438524167037 1
0.234056738953716 1
-0.159218559209909 1
-1.49746899656349 0
-0.850234056749928 1
-1.05449211473805 1
0.252259664100676 0
0.147220603185305 1
-0.677589775391543 0
1.82914605760208 0
-0.478801469658606 1
-0.306312750857493 1
0.165781169583617 1
0.28983614280132 1
1.04318332499804 0
-0.50196353138038 0
0.721899781009326 1
-1.01054190090805 1
0.185636244869217 1
0.0506669496306553 1
0.205134265262611 1
-0.428395608768043 0
-0.231178822934466 1
-1.3775779397859 0
-0.345842613066688 0
-0.77519268701684 1
-0.696532140010456 1
-0.992028327021238 1
0.125389722013357 1
-0.461496798987908 1
0.945920756828168 0
0.777927150045843 0
0.170855078949547 0
-1.95863194724951 0
1.35950539635727 1
0.506004072060117 1
-0.104386994074422 0
1.147543981155 0
-0.638646676495894 0
-0.258358223208141 1
0.688042292896644 0
0.0558410433026649 0
-0.346896583189934 0
0.258507532941625 0
-0.818897933158452 1
0.334699491143397 1
0.171859251884122 0
0.121075644892227 0
0.648577404938073 0
-0.282494030788713 1
0.0317927297476672 1
-0.484893511120596 0
-1.76991170791859 1
-0.661785300907604 1
1.03730575219481 1
-0.00700370871308417 0
1.1364820869614 0
0.121950103719078 0
-0.597884919665978 1
-0.10020243782764 1
0.261204699499961 1
-0.193149318793729 0
-1.19784946784444 1
1.7229115937437 1
0.642640909502916 0
0.823140584898599 0
1.60032939680757 0
1.05858059986148 1
-0.357643811771148 0
-0.461348856550342 1
1.94220342284416 0
-0.321761456724626 0
-0.892328054884042 1
-0.136021372586822 1
1.31609888129248 1
-0.19060739547459 0
-1.52707799497723 0
-0.691637040497114 1
-1.591128478976 0
-0.959116722770579 1
-0.743570394296711 1
-1.39534361734627 1
-0.683365195734672 1
0.485481535756044 1
1.37193720150528 0
-1.55915038982614 1
0.897388659179648 1
2.92816755438441 1
-1.23493274597631 1
-1.66872939919298 1
0.131462829297626 0
0.331729678275681 1
0.698322634897543 0
1.78835483806501 0
-0.842889232169283 1
-0.712859741764223 1
0.698484157789484 1
1.04251219809911 0
2.08211616955284 0
1.40406655507418 1
1.85790919302519 1
1.37990330359099 1
0.656379483970665 0
0.390747423157599 0
0.0253001029621701 0
0.434044298547509 0
0.572007986464132 0
0.312246794478521 0
-0.838226404504778 1
0.661362307087306 1
0.358518465387024 1
0.810841709936895 0
-0.960820767780978 1
-0.696433301074124 0
-0.276111277734054 0
-1.15856192270948 0
-1.70956750407856 1
-1.23006215029917 0
2.0242375392985 0
-1.44693311277964 0
0.167785021716885 0
1.64605307865561 1
-0.0788286817551326 0
2.10758029092913 1
-0.322414377975422 1
1.22573384650272 0
-0.460167613178457 0
-0.235904822082578 0
0.463080636134049 0
-0.547316397230562 0
0.398069488253867 1
-0.452173153810772 1
0.0630652812022603 0
1.7709915335464 1
-0.218337282246674 1
-1.52248206385874 1
-2.1339151408164 1
-1.28607966175469 0
-1.18803352001362 0
1.36286044221588 1
1.32085330840006 0
0.456378072570196 1
-0.152760198344464 1
-1.30627838121814 0
-1.10860008909514 1
0.511340640087044 1
0.526910711416644 0
1.12984791176668 0
0.793998547373628 1
1.14827102601012 0
-1.04156303655486 0
-0.332801124016112 0
-1.11750348983396 1
1.13292488061968 0
-0.709956539296453 0
-0.371061533226367 0
0.279921061951962 0
0.163041150699057 1
-1.15761417556429 0
-0.621510912226529 1
1.55946392242221 1
0.895613050633439 0
0.0671011048246228 1
-0.802181691449364 1
0.1202713419117 0
0.410946419773185 1
0.288709980734384 0
1.27732219941945 0
-0.67601843132855 1
-0.42261522687667 1
-0.505660005519284 0
-0.0614953450503727 0
-1.49853395199221 1
-1.71921121531466 1
0.817097373637394 1
1.10288761184008 1
0.287399131707079 0
-1.00128462598116 1
0.169917305602266 0
0.291950350554448 1
0.453021412307329 0
0.748336083676197 0
2.22776651379891 1
0.234543622655071 0
0.709268660599251 0
1.2309591782837 0
-2.20076689641474 1
-0.0774858168877542 1
0.939858324252096 0
-0.420454616512281 0
0.546968370665654 0
-1.76629888477712 1
0.511512019489737 0
0.998555779048492 0
1.0635526846282 0
-0.240287450735959 1
1.05809795868851 0
1.84455849547076 1
1.19001125697987 0
0.113548655092284 1
1.05594222597647 1
0.300438503915795 0
-0.570578551155886 0
-0.0107781768725936 0
2.12857533771338 1
0.126162325648149 1
-1.18592384015757 0
0.114983431328167 1
-0.293576789248244 0
-1.21536270798078 1
0.0203490997586039 1
-1.34768766715161 1
1.08205111406497 1
-0.125899471600984 0
0.705186286127279 1
-0.315398624678396 0
-0.0218619235707814 0
-0.0863887481021585 0
-1.60811160216978 0
-0.818268443888749 1
0.293739167376592 0
0.176082471981955 0
0.589849662785465 0
0.580448861635201 0
0.967867321496004 1
-0.727223345415031 1
0.557794635417702 1
-2.42108184942329 1
0.800484533347115 0
-0.808829031996218 1
-1.26172470412782 0
-2.06452517405102 0
-0.326904427735745 0
-0.645590271216749 0
2.32533310781783 1
-1.16503831338634 1
1.12620396979815 1
-1.05762002452712 1
0.130456905045977 0
-0.510444376444937 1
-0.578770404299376 1
-0.769513890737211 0
0.241959688953528 1
-0.737506661498485 1
-1.67467679771327 0
-0.0635964801153479 0
1.26934341761543 0
-1.4767358509556 0
-0.0294509377127186 0
-1.37181073016957 0
0.502413710369322 0
0.827718539897669 0
0.88896137818959 1
0.0776807281983243 1
-0.0150430349381703 1
-0.0385686534773217 1
0.788334170967042 1
1.05081001564676 1
-0.36962749323476 0
-0.461501630842242 0
-1.05048041613958 0
-0.256465712233326 0
0.281360719203814 0
-0.780776723629399 1
-0.232421749218254 1
0.0346513106466062 0
1.20066188687265 0
0.0531198760185436 1
0.127856913136321 0
-0.229468094989493 1
-0.331248712870682 1
1.02657659073475 0
0.0128695694915706 0
1.03194506046738 0
0.813755049935963 0
-0.191842638152134 1
0.835128441527305 1
0.54400873699261 1
-1.05835156407735 1
0.516801376025531 1
-0.939550958056306 1
-0.119365239825388 0
-0.00262330906595847 0
-0.740140499686977 1
1.01123521283205 1
-1.42078332630353 0
0.145163060999039 1
-0.443433833970515 0
1.33778451402891 1
1.96565403481707 1
-2.21232086144017 1
-0.466500978370179 1
-0.654921353625092 0
-0.9661204777708 1
0.574534934003538 1
0.329289124742254 0
0.648321118261582 0
-0.122622864689882 0
-0.0227403478049858 0
0.567652072200723 0
0.706904784766457 0
-2.30591655102589 0
0.48827562619682 1
0.735782243723125 1
0.480168275790598 0
-0.0874957724855947 1
0.969839556249239 1
-0.790366148712667 0
0.156772363245652 0
0.579834072386761 1
-0.177895189800909 0
-0.187848697080276 0
0.711046618568768 1
0.0652055498968922 0
-0.302193254069949 1
1.65340079898934 0
-1.28700040445019 1
-2.56974821362607 0
0.0221952916895185 1
-1.09556877229331 0
1.08214652211866 0
1.04574930823598 1
0.387710242795044 0
0.911076995481246 1
0.509552670618086 0
-1.13975085162606 1
-1.26004605305914 0
-1.26634556847277 1
1.37980831145721 0
-0.820875218067738 1
1.98809501649309 0
-0.156188996013875 0
-0.669671828328055 1
0.610398598388922 1
-0.438945840427386 0
0.268021808410638 0
-0.234207109800674 0
-1.42557091513795 1
-1.01813910684579 1
-0.749598620344107 0
-0.051135587436342 0
-0.967824458333594 0
0.346178765663868 0
-0.00487086252982541 1
-1.59769089459427 0
2.10612769577912 1
-0.0751949198547872 1
0.734717486471476 0
1.2769033946824 1
-1.18175268895247 1
0.902011824989995 1
0.965912554158532 0
0.174184200580529 0
-0.48599068360413 0
0.260787457382762 1
-0.127500928287887 0
-0.935919084885754 1
0.975791616478049 1
0.368040487517462 1
0.0811213247188755 1
0.985250801771443 0
-1.03208587665882 0
-1.33237044893845 1
0.491541796330507 0
0.285012137729905 1
-0.47500487558011 0
-1.87650454278268 0
-1.09770596818224 1
-1.24719597464956 0
0.248520940175055 1
0.146669041651386 1
1.76528954282465 1
-0.566578382598334 1
1.17450761168092 0
-0.278772533773404 1
1.46571223770058 1
0.872071854886076 0
-0.463176649499061 0
1.07421682944697 1
1.44730996104782 0
1.29841460798774 0
1.0320295350214 1
-0.360327696357393 1
-0.714850875236497 0
-0.510660953828819 1
1.74987543097432 0
0.702326327551058 0
0.557437844514102 1
0.264408612917565 1
0.0247225139361838 0
0.504314577565541 0
0.490210227362571 1
-0.59877929376228 0
0.272767935001108 1
-0.956929470258915 1
-0.274170059158452 0
-1.49627776294638 0
-1.10197277469545 0
-2.09860228806998 1
-2.84118683089133 0
-0.297844163980772 1
-0.409300884589011 1
-0.751903648444032 1
-0.0265474199513734 1
0.627218528767535 0
-0.660872778540232 0
-1.2530187754597 1
-0.861284495210331 0
0.180329588406851 1
1.11145329848509 1
-0.597885475991526 0
-0.465215425906195 1
1.18012133699606 1
-0.724965406207668 0
0.29138978215135 1
1.04517593226791 0
0.460545304591064 0
1.06636396211469 1
0.171021222526191 1
0.0338427677969853 1
-1.75200289785407 0
1.43651895779994 0
0.864804232452222 0
-0.980051629415912 0
-1.66896731745263 0
1.90928509678743 1
0.3013940899514 0
0.949244714583668 1
-0.799528535878346 0
0.977382119621925 0
0.834995419866406 1
-0.925006249673314 1
-0.98081306846352 1
-0.575637548873281 1
-0.432094771981086 1
-1.64597387914922 0
-0.0564543616079315 0
0.593979112733388 0
-2.38864145025295 1
0.18902136882318 1
-1.64693354724174 0
1.03681260618013 1
-0.108902131260027 1
-0.264005004380109 0
-1.26638969897036 1
-0.940750385162142 0
1.73015441828474 0
1.05248811276357 0
1.44665758648537 0
0.716631344515796 0
-0.177927117078709 0
-1.20411243655293 0
-0.301952307318439 1
-1.32294651773602 1
-0.739001837828905 0
0.431727114300952 1
1.23601568459933 1
-1.22658684832709 1
0.802467369331555 0
-1.38142627823674 1
-0.738962633609223 0
-0.326754453658274 0
-1.36195307340218 0
-0.0882858973375692 1
-1.2533963752613 0
-0.585859409966423 0
-1.29653906713357 1
-0.910996557497844 0
-0.457442347174006 0
0.498991953852615 0
-0.235217753976651 0
-0.0170962456197514 0
-1.33083240301785 1
0.20364547933772 1
0.139197206231099 1
2.55598784731941 0
0.0583578097276289 1
0.319664964480675 0
-0.514259120046523 1
-0.364505083345104 1
1.48659729957913 1
-1.7957747824089 1
1.63951203144957 0
1.50758325207813 0
-0.902248598682198 0
-0.694153608990462 0
0.169736434019186 1
2.17158675475305 1
-0.220864330589317 0
-0.720737100644335 1
0.217889009801012 0
1.46820884998204 1
0.0942906153474335 0
0.934065002550924 0
1.45859634200295 0
0.180872269699936 0
1.19215208508559 1
2.25435349137166 0
0.62427296658403 0
-0.28117559342934 1
-1.86956571533016 1
1.47415499291135 1
0.886279409484377 1
1.5408413752725 0
1.12607279677746 0
0.279330854948005 0
-0.52856928482635 0
0.564992406452843 1
0.203984090080836 0
0.159388801884164 1
-0.741532568280595 0
0.438409342630573 0
0.149779151319274 1
1.15590610519981 1
1.1585262750356 0
-0.873870708318614 0
0.069349472627874 0
-0.652674919901967 1
0.0636217835310352 0
0.210268423780077 1
-0.0573646255375979 0
0.711530071867631 1
-0.708350476876555 0
-0.98719383489717 0
-0.0216097231179481 1
2.36090272094555 0
-1.18219466574203 1
1.9330269366152 0
1.81217817322405 1
0.507282143005146 1
-0.72372541624092 1
-0.0597646929347227 1
-0.841562323898076 0
-0.139516700531407 1
-0.746273916033146 0
-2.02761617972844 1
-0.591793937419053 0
0.335045282333658 1
0.241881490727063 1
0.481881033344011 0
-2.04199944274692 0
1.62683053321769 0
0.776284070839428 1
-0.532230644045863 0
-1.65180705039116 0
0.997263477119888 1
0.022897820426968 1
0.291569505582501 0
0.125631552381355 1
0.703567243627526 1
-0.180131751935363 1
-0.0699677631170341 0
-0.475583753464664 1
-1.5673168507593 1
0.905331426858695 0
0.539277677672295 0
0.139004599930001 1
0.558832701112874 0
-0.780465840424919 1
2.49418135458204 1
-2.35294160855727 0
-0.533670923157988 0
0.276609490625916 1
-0.694476216276249 0
0.326636347760981 1
-0.114424179190073 0
0.125814963249954 1
1.13477655977115 1
-0.389076506864859 1
-1.49046260473506 0
1.4324068093876 0
-0.880002914580729 1
-0.530903218916839 0
1.66873995575925 0
-0.81135706467966 0
-0.235871593753163 0
0.853532904081088 1
-2.06482674781857 0
-0.0722457030400231 0
0.541793695788412 1
-1.64575109796321 0
1.63548813453517 0
-1.11801304222084 0
-1.0226147546121 0
-0.523778139201091 1
-0.0469189095076656 1
-0.773518672888943 0
-1.32231711511141 0
1.11077738353282 0
1.06734304051371 0
-0.0922658609032799 1
-0.750250797570424 1
1.07060050120003 1
1.1435302033503 0
0.254650864157054 0
0.466640010813664 0
0.260510908307143 0
-0.180931872784555 1
-1.70906584195281 1
-2.06647607401798 1
0.277425943472287 1
0.42406710549345 1
0.07241392915439 0
1.35314463990496 0
-1.8715388148406 1
-0.751039348825494 1
-1.19249425515843 1
0.617362947376601 1
0.356741225356839 1
-0.411848142258383 1
-2.03557787315812 1
