0.405805075405962
0.783853238196449
0.983092435564112
-1.05936900077409
1.11026322812498
1.02691356564348
-1.18034805201847
0.753384395461837
-1.79790239692572
1.22760001287657
-2.06021600909284
0.568798359444077
-0.971979269338562
-1.06651662211913
-0.398403914049397
1.55994355592976
-0.243353299109587
-1.12680772659928
0.147684762129079
-0.78121024163577
3.10557954657244
1.78910806013452
0.635938505232383
0.0293230704832572
-0.204374723006188
1.63748877751061
-1.60765180870261
1.18822310137954
0.200254840089056
0.515626863914996
-2.18286809046336
-0.0345223412097744
-1.8985674881022
-2.1659596612857
-1.584951111456
0.0362491038211253
-0.231599390294942
1.14438762193418
-0.518803713003732
-1.52727181478585
1.30637009509572
-1.43775801437448
1.64370911398812
-1.15109414105207
-1.3219996086444
2.36637300213936
-0.35379164323829
1.41810574743441
3.083227400302
-1.04514172384406
0.413419748762925
1.15408263732319
-0.943720869221934
3.27495952008631
-0.00699671192901574
-0.635745006019333
-0.636228833352292
0.935744444829066
1.39872578632052
0.538276739545525
2.94009025189942
-0.0453186503938861
0.752160466558144
0.850607332127697
0.244630897641501
2.73219633016945
1.9733102761881
1.00059873096167
0.557870102240028
-1.05745729867594
0.448784461459568
0.448522099523266
-0.807048230748079
0.0531423511757418
0.865982842977622
0.647771420586447
0.902508830748238
0.261559496623157
2.37637981832548
0.33696649099759
0.955167482862817
-0.0923285677063577
0.114067222702579
0.0686641100136594
-0.28670426837908
-0.791079794300493
0.322195584321187
0.113113201547851
1.13045178921295
0.675579156662329
1.89368893642462
0.718653491636875
-0.015738747221404
1.24499277280452
2.01425709770257
-1.12285219384886
0.739873377478556
1.16149020312938
0.375376617779315
-0.756496785554447
2.01506703968864
4.115816953546
-1.44693945776851
-0.182103861766823
-3.11578236200504
-1.26383838591121
-0.0621032525182665
0.965753318190038
0.51066869427319
0.867637438391336
1.39222374543146
1.01064719605384
2.79906524188539
1.05568721633744
0.142366498361285
0.226553007282601
2.30188241288829
0.320192129402468
-1.80969334138127
0.135478939027503
1.53942981907338
-0.707151580302458
0.32848424284563
0.678080049413639
0.631673512246864
-1.402014455021
0.226263095072653
-0.555192664086172
0.993171295389222
-0.480978273332647
0.0960508767048335
-0.255290161397526
-0.746410379717247
0.210672661833102
0.885969581132735
0.961769180903829
0.208872423226135
0.965098796591245
2.79873464852354
1.48718100154058
0.618598319500513
1.24838053892542
0.0670394081038791
0.518437793805589
1.47147747959113
-2.12154822707214
-1.52090432903688
0.208429417010908
-1.89269778676864
1.16342047961931
1.72608261138148
0.819025903195387
0.0214871068207152
1.02659526765065
0.536230716475208
0.776097222340751
-0.167363509821027
-1.52026615280848
0.60966728230161
-0.172225864355882
2.40297218221007
-2.75805468545181
1.30769762419117
1.34760576015233
0.485974529711837
-0.852573253036105
0.40511394280211
0.804691684327901
0.268223135524716
-0.905441514232126
-0.649080625442449
0.20369816984362
-0.00762619855594482
1.17724273270263
0.723044186151456
0.0116910871844331
0.5437607597379
1.2042429382037
-1.61436781398037
0.581991794211628
-0.0160054080010303
1.31988804360587
-0.333827099060113
-0.530193798155898
0.201815381174688
1.77903511982577
0.388594566978008
2.09056174563741
-0.253709331616237
1.64253348823077
0.675427938300084
-2.18021399243634
1.88153243453705
0.148978950833604
-0.188400999484213
-1.22999456203547
-0.439692602383171
0.86570808132403
0.0316972463139055
0.555553041230959
-0.747579975563838
-0.0689992169569437
0.458841305703896
-1.32713484928804
-0.731526728311758
1.989497752334
-0.373208513092753
1.80109348747027
-0.514288346697208
0.626848130273832
-0.258756959260842
-0.429400429040785
-1.01963459636346
2.250138787965
-1.22829537151563
1.32989566310751
1.27094927917604
2.37240430494702
-0.783500371375292
1.64035009485277
0.892254716966521
1.35112706044544
-1.46835686164994
-0.409026566543994
-1.62754384228058
1.29554801781898
-0.845381454859686
-1.91102837735806
-0.58930645956417
0.601430368383086
-0.892897942310424
1.16225685580301
0.520653168376152
-2.22391344159048
0.387388618523294
-1.24624546639414
0.317676441511405
-0.433754337261434
-0.57996677124209
1.97537485181161
0.421095383777962
-0.696844506553085
0.36264209306298
0.092052055642715
0.358684999633627
-0.146784622534025
-0.161733687115555
-2.37334795119778
0.745688919802468
0.214266715421815
-0.257836729308477
-0.440955569923764
-0.166564933656368
0.00650789935425095
0.821799226489088
1.86908697854808
0.157274071917027
1.29627928492956
-0.152271771976981
0.876999041984465
1.04435263587906
0.620460090270545
-0.630726814028393
-0.329955322689359
1.01913969058889
-2.22880844500025
0.98334888900029
-1.57074281572615
1.78317171785024
0.196287276560157
0.310126492549003
-0.370557245203666
-0.451454542990983
1.31896472194543
0.0678216308799859
1.36009731894844
1.36868711154447
0.331845242003162
-0.974506764959706
0.445590293785539
-0.700301533114372
0.725482054365686
0.772597362435315
-0.732539105961393
0.071321238590851
-0.0364688899979224
-1.31156896159824
0.279632118323677
-1.77945065479182
-0.698176919670217
0.816987452061753
-0.577500170492344
-1.96733992508431
1.12711952039802
-1.62033371510489
-1.00372736336372
3.73342669927326
0.197896773504061
1.10010588327497
-0.772045631753008
-0.0146109571615676
2.27013331589297
-0.564131836677033
1.95417498770862
1.57119854361191
0.897910217936467
-0.00432233951188016
-1.69169154439456
-1.35880564208122
1.84425842845764
0.588130690783304
0.472583164672343
2.63458991148941
-1.32594130554398
0.725319100899848
0.0549593948212665
1.21758102519353
1.57761250485919
-1.59064750919815
-0.36309575580441
0.383552008017527
2.01058712294752
2.16283864742361
-0.759800899600935
0.670473865632368
0.326610046074538
1.72140337846499
-1.096252330911
0.896816153965434
1.2106706021951
0.331692498640878
1.04730824628768
1.70129714401346
1.54947345137703
-0.124986975888548
-0.805314029942841
-1.37491244050895
0.586439296564143
-0.234107373066384
1.4861503802885
1.09470631010904
-0.484873671470439
0.0902838903002674
1.28830518006149
1.00214585093391
2.61986800967319
0.642521352048907
0.723850480228017
0.185573675359616
1.58259824337481
1.00505224849516
-0.802673471911535
-1.33808218595006
-0.784876980364077
1.96173705685158
-1.35172810229541
-1.24260518823467
0.161450305682379
1.57501886776805
0.575631929987929
1.1479034128333
1.01368907526556
-0.439675290758293
-0.955232081659275
-0.382226364105583
-2.34213687692092
-0.490119309307188
-0.557919363897166
0.032767572287851
-0.800141919827191
1.00277981826539
1.14806494029443
-0.137527298818217
-0.0693703321900964
0.91583059330777
-0.403945760372559
-0.838201915649777
1.67488294357702
-1.27562492170699
0.635900980508697
0.696566434858626
-0.302266486486668
0.619939222087629
0.348337344505231
-0.262685323599433
-0.908017478615374
1.29052313278421
0.671671629824527
0.853996605080443
1.75212096468232
-0.269049666521119
-0.718429870625015
0.929166048535385
0.581549843105518
0.659379086512177
3.02255380414322
0.206659139931977
0.575807574282687
0.263090224072531
0.317463214562907
-0.497440780079828
-1.39909624939458
0.802832608577354
0.343202850721535
0.385508565250045
1.14196205454758
-1.23216338168337
1.52396494922366
-0.171434074027476
-1.02972518958328
-0.668856624924007
1.05145129617515
0.123843482931137
0.743468227482956
0.80063755912051
1.8249356548224
-0.0562965718619441
-1.83630735962235
1.79886900553245
-0.243515740936755
-1.15602926170804
-2.42716019517631
2.27383852516828
-0.577977435675921
-2.14664520175408
0.03703563706574
0.516034332276833
-0.732134810405599
-0.356347212344142
-0.985754828497302
1.42169473121306
0.416738281748177
-0.570612018547598
1.57221256289212
2.80311033185694
1.0703032447705
-0.308861348687292
0.507765905962632
0.47680400489345
-0.938174543998023
1.21950057106039
3.1340619835878
1.30727438943977
0.201193272562238
1.41224977819374
1.7759375750161
1.46042208267152
0.884622079623044
-0.138059594502972
1.21351391979246
1.38402688942118
-0.158799685969327
0.790773046986876
1.26339162632782
0.612131699647074
0.920220929099828
-1.44248906361574
0.808813367192517
1.47849830240575
-1.8909044189198
-0.284015546767336
0.0900609099585284
-0.603884936526431
1.1911690013022
-0.624363092232917
-0.699501279249813
0.773963206747746
1.01295031448324
0.43640755879252
1.90286118293641
-1.32485644363784
0.736398637897375
1.29433631200639
2.17916353231742
0.522824079382379
1.26272813396053
-0.0259095202430849
0.910094838763886
0.992998667102806
-0.239643592520732
0.224785343257925
1.38289788182774
1.49725331215465
0.425918678183953
0.199574328116067
2.03586623305822
-0.98289847138795
0.529471505154681
3.27538317616628
-0.601172992474923
-0.753945960469994
1.86192141010627
2.10376811171669
-1.91362769625099
-0.828498104141285
-1.82436437848906
0.296881309334668
1.36721967868695
-0.347363250345168
1.31901853702526
-0.495630664099928
-0.753981910703731
0.349863664754462
0.812013472712323
-2.74992546450566
-0.077561917802543
2.46587960246212
1.84603626767315
1.19684871089814
2.13305937052654
2.70109138474493
1.35432543259954
1.07761612686338
0.46852337241243
-1.21406080578815
-2.14786728920641
-0.849040152363961
1.7406364337536
0.519071184188029
1.13772534023144
-1.96944538272233
0.730124727832141
-0.295000510135903
0.537399175218504
0.731696583946309
0.569048077573342
2.5225136544456
1.50923224422304
-1.51676387410542
-0.469077627133225
0.182092199103101
0.1059191407644
1.96257369627633
-0.92062103172287
1.26543951867529
-1.9331911208585
-0.88668882853778
1.24544531472641
0.445256693617002
1.24737711525699
1.40069016639418
0.42996099889709
0.293286119522469
3.53875448120769
1.55649216998123
0.952779986109765
1.96446560987276
4.56824052821217
0.623629828124405
-0.113620427970228
0.320092443563536
-2.57046797933822
0.205478175414901
1.1006740178067
0.407668526233907
0.589739523272731
-0.728207483021796
1.15893653810783
0.0141863403605491
-0.322829147200639
-0.73684282433234
0.408335304427379
1.58311623565112
1.37646407468045
1.13128708107927
1.99865342386514
-0.0379004781143527
1.14705712490021
-0.733510402783504
0.174029183971359
0.588180429387665
-0.834699530892373
1.08925600064551
0.643273291763522
1.8833773689336
0.249623344059689
1.38701365516086
1.59418975046226
-1.15145197947031
0.331718601350048
-1.03958460736493
3.03235959542796
-1.15847092311007
0.419024764377815
-1.38872430783682
0.371290594677153
1.04016208554103
1.96854227218538
-0.890617572071169
1.44584249281567
0.727076021494709
0.617920547884302
1.1655949658636
2.25912288462869
-1.39388614558467
0.985420294179246
1.05141138618151
0.185183532253179
0.243496296936495
-1.60593753577656
-0.565367392840835
1.01351258376556
-0.0938882326084425
0.184377750594801
0.523413344865957
0.446337065083807
0.792262707794952
-0.394741718102934
0.798980137643828
-1.13661301301402
0.0622889639621031
2.11517471212456
0.37176967865799
0.217823335091526
-0.891111497194993
0.380779982509018
-0.261891687123367
0.414316075392636
0.640662014800711
-0.211545658618213
1.1747181058179
1.51656720096506
-0.41316864482961
-1.89039091062707
0.993898425083307
0.0979813015030266
0.961553790420644
0.472397319180666
-2.46899113488836
2.02604712357733
0.982095162063444
0.992415831516095
0.835653237196335
0.501842807499653
-0.0459180129260926
-0.678387955468702
0.0263698321905422
-0.222271506060232
1.32801835886266
1.08915728018275
-0.178475498217325
0.775517377287701
1.03083583971244
-0.787303536715961
0.377251985276379
-0.271824659956666
-1.06953267663668
0.883626214505507
-1.96894460430472
-1.46228441305215
-0.820536978183641
-0.287429120340428
-0.801272892818907
0.00343160404648277
-2.57879425631417
-0.953183238075822
0.432666282832216
-1.47160724607655
1.04487700515515
0.82139371013095
1.72023095071359
0.122875384882332
0.809176295909009
-0.40716035033606
2.31744977825518
0.244088280031172
0.648949027315316
-2.28884701932617
0.589047021292909
-1.23139614828278
0.490239310011989
0.341469110648624
-0.111856350606753
1.32359468484582
-1.05248038335641
1.26468752698964
1.1243284462604
-0.77163456663107
0.450153398279233
-0.833451298745005
-1.5820937428863
1.55351783128676
1.36318438286874
1.63383503250084
0.838454412062605
1.32362871007334
1.89930752676549
-0.32206243233281
1.44992127373329
0.595042202544579
-1.19552868097553
-0.841426730643815
1.27590494825266
1.72351335957202
-0.435304853979386
1.53237413094277
1.0559764792954
0.653973894584583
-2.36544843018667
-0.58140162596125
0.750843448019535
0.884088742044373
-0.140267743729426
1.26873641396665
-2.35475795923481
-0.254202060358047
-1.6725282492888
1.12648625225148
-3.32344144598532
0.736457615680396
-0.965924397225521
0.634804750742284
0.395038140406904
1.50746587696741
-1.21976007664649
-0.904790831251742
-1.58905481064164
1.93752347794797
1.55939025232578
-0.366202435186759
-0.388288441405198
0.869312471530468
0.270868457194195
0.309492659247233
2.36787598709079
1.14980559896448
-1.73976170061893
-0.0222000927124275
1.6046621662439
-0.233968656975168
0.760780099577264
-2.34470165028505
0.0967823008328077
1.12126108027665
-0.780284568740615
-1.01581515410031
-2.02057406647938
0.552986321397049
2.01587521415849
-0.337636971905694
0.401703488348462
-1.54569091337378
1.09982310657997
1.55396925860132
0.499908459474108
1.65912324637128
-1.83546929491942
0.243804138412729
-0.365191952282777
0.328597378660435
0.236267117027753
-0.102060478104917
0.386842916608575
-1.41086169741031
0.286676709727058
-0.332571029525909
1.64162851678928
0.409900674700216
0.158006558997801
0.367407720279452
-0.00599635653563668
0.823701977642969
1.27270318701134
0.648964058513856
1.27838838370269
-0.0546553910957019
0.0125479530633641
-1.54773112445041
0.537547309735386
1.08768415771525
-1.55661561030645
-0.628637660563008
-1.58930356007044
-1.14447340843318
0.210965156474306
-0.112527056353051
0.523349581829358
1.30165253980938
0.22261214629692
0.667452283764256
-0.341587484375292
0.28407073035516
-0.687981742020848
2.81443792628925
-0.944204458231626
-0.216549225106033
-0.155903775379562
-0.01793864710169
2.63942902312857
1.08033049065656
-0.0296994022961893
-0.0345269002185118
-0.840327639307054
1.52206645564367
0.174322436390747
-0.15088909395648
0.839316206689674
1.87482207127612
0.162495872760452
-0.965494966253573
0.964249242726318
1.474163528114
-1.8767650914603
-0.770849326905386
0.414178001808113
0.594740859967679
2.24531624224986
-1.17275300944744
0.103114955417112
0.505530702011451
0.939486050186903
0.376672334153186
-1.25263217615025
-0.068822095264892
0.681774938879442
0.434963685758367
-3.40810027747861
0.505874888373996
1.32635094764198
-0.34478568321825
3.55075316865689
0.139654706133558
1.01111906957641
-0.0350133614295496
0.023382545575916
-1.52210975700506
2.82651481399702
0.877655350869975
-0.958269153833916
-0.0702549670944669
0.923808711228038
-0.129011665858093
-0.0144908089067608
-0.528243825457148
-0.179100862042424
1.64902961336439
-0.148490917846658
-1.50959718467963
0.841164291172369
-0.909220389632106
-0.256927557815139
0.423174721532638
1.49094474725985
-1.46632124668018
-1.82268183247153
-0.171408235673719
-1.86039904530918
1.84593127620814
1.17687485104347
2.18291650962538
0.951601151204845
1.82449972252738
0.331152598582375
0.762969981854131
0.342739194814896
0.489386920317864
1.15068844216491
-0.682305668511622
-0.113067407603253
-0.0349452558238018
-2.25381283976534
-0.435017308922251
0.328812377308987
0.861319193889805
1.37842022406717
1.12386736269271
0.268313349502684
0.778904980528072
-0.685313782179918
-1.16129969167415
1.28800238028672
-1.14597374057401
1.85484583155061
-0.597461777626712
0.326882495300998
-1.52651606675129
0.347507225700893
2.64461086508421
-1.17660885399889
-0.282458757548012
-0.0285608182248264
-0.115790952483144
-0.7592635019027
-1.31506703842554
0.919555277982803
0.509933290528321
0.257780117908879
0.530018204594007
-0.864490688369863
0.228485734052961
1.45280175488261
1.06282377787656
-0.19640261651108
0.116020412101531
0.0221670995328811
0.475476529291258
-1.12881358518442
0.109809553938382
1.25761168653127
1.02499700215672
-0.110729287413169
1.53782754850226
1.05343115982133
0.226803960983874
-0.754614264378516
0.962607429238652
-0.728617095351324
1.91288356130246
3.00189363396508
2.63282284427528
-1.15199393846888
1.64117909989731
-0.508575374000061
1.55913510163528
-0.21396145575878
-1.1205409453638
-1.14173456125613
0.0180220607560131
1.2967876628238
1.48494515433008
1.84160433821587
-1.25483448432536
1.83338502035082
1.51192913864462
1.10056095795523
0.484921642288613
1.90553256304002
0.891740728204623
-0.708331663360891
1.98922583897007
1.27543639821088
0.859037508075599
3.06109183745061
2.23531524903999
0.570868132009474
-0.59423851178863
-0.0920182008770944
-1.62059589889075
0.66757726105851
-0.981819399476518
0.60279672212905
-1.25994204292905
-0.636945661477237
1.340356989949
1.80906129062546
1.26096321031238
-0.47317203253799
-1.05644643124445
1.38882383859325
1.10654137265544
2.36171275720658
-0.932904023002122
-0.591392577082534
0.795142298288046
-1.65729940779161
-0.441640410956366
0.963317270722556
2.91062680560177
1.00612661482974
-1.89514922881518
-2.19874633698878
-0.728943669947171
-0.188068023354565
1.64110400525499
0.876982757245716
-0.380887006156758
2.53202962239825
-0.234850657606906
3.45476240574325
0.278534039295999
-1.26792937760059
1.18318455057012
0.993237916855545
2.13921800814623
2.55058941571525
-1.05238835974138
-1.53439825140333
0.205079021485444
-0.27166672927256
-1.03225441384059
0.633190982945996
-1.1269331418358
-0.017019718209794
0.176454102241241
0.120962554190412
0.727559385832461
-0.888980583065
0.850484578410225
0.656381882023108
-1.34043760299451
0.423566442715345
1.8703771286363
1.8710342144732
1.34756439196968
1.09098513823558
0.0194727055434997
-0.196588622495245
0.81222825218299
-0.538901332671523
1.1367199814545
2.25668802103588
0.248251840353293
0.100359221374606
1.19257746748228
-1.72017430626934
-0.464534290281109
1.41047247955381
0.406107420765014
1.57191650290439
-0.00659842521978127
-0.364239628436552
0.551832604959227
-0.967001301468371
0.435105547345108
0.969767475492841
0.63953993751513
1.48588192540708
-1.18940688404664
1.75546954444236
1.44632446813702
-0.188962013501006
-0.611438857681706
1.04005853549461
-0.777288976764355
0.703483238491286
-1.29901224385906
1.02703880617925
1.09915517259632
-0.0735692292549309
-1.05097775057502
-2.29538654927365
1.57026565551014
0.43952707976157
-0.924384822405004
-1.13644622457691
-0.39173776120889
0.880593610035641
-1.29133338793439
-0.245505895115856
0.954247125742719
-0.184339681646254
1.92954854863032
0.90123459161351
0.924863082916008
0.656669848475997
0.584833808587755
1.10603999827489
-1.44934200256494
0.963397564729751
0.90671534746522
0.0720129552942878
1.37445432452494
0.153516312269623
0.348371349096462
-0.206842233570673
0.289704628057073
3.33303203748789
0.182409630837569
-0.261467366531239
0.700434257608849
-0.863103455867165
0.399785703439052
-0.361046486982798
1.25574344131815
0.0796942039619139
-0.243274106939232
0.126270160011609
1.55028599578643
-0.318840929380401
-0.572517190349886
-0.198597039917509
2.00725788533792
0.56209971735618
0.874514841248495
1.23962496269787
1.60652383638552
-0.0346493128522374
0.705884080576222
1.34175544356708
1.096716519272
3.28535991986911
0.441725810918748
-0.350625090913459
-1.14456248861677
0.333790505879655
1.554032215799
1.70266157672686
0.566843690371761
2.27904576430842
-0.834572711794338
0.103070162899349
1.1484246481352
-1.48989237117138
0.458761537396566
-0.315772830354248
1.40555462970262
-1.00627569068393
-0.625847709906723
0.0231561602958364
-0.295330113018514
1.30073707323117
-0.954299802977289
0.340906742869207
1.56921503287177
0.804059306608342
-0.196388250482784
-1.36554723833302
1.40728591041702
-0.235252763199206
-1.69319263879742
2.54311654219951
0.0357122056710976
0.17195877796744
-1.64268507114244
3.10356946107834
-1.57942244467466
0.698867318729558
0.036589081615367
1.9981479821608
0.900349380753229
2.8766554815134
0.847176697910792
2.08481300942403
-2.01428266927841
1.20147402181801
2.6621363592777
0.823517550923277
-1.25281998946598
1.02069791192324
-1.85256930082614
1.06811382647726
0.597249999546028
0.471483038190836
0.197778790611251
1.97272255293168
0.752395851975843
0.811192896682806
-1.41986958737483
0.360698568300023
-0.976444867643055
1.05768077508262
1.63158452790618
0.634551743428786
1.02711300648933
-0.540676911894336
-0.313040416790182
-0.687428247828865
-0.323299819395027
-1.13342925491957
-0.914880218145483
-1.39890646641123
0.960444139209153
-1.91575901704537
1.9262119865671
0.876967564938105
2.26786775253912
1.83961527984814
0.341259292603949
-0.0278227852255104
0.14217803638047
0.910958673076517
1.31654583853908
0.883350275481818
-1.02164135250164
-0.073202827046254
1.63635939725241
-0.0906813950198802
0.224037295834778
-1.44284661380798
0.22780845480246
-0.0959083352454766
1.2129461652232
-1.76725207058827
1.259153306569
0.510757988947757
1.68377117624118
1.03189041266477
0.330025343365549
0.0945810300639082
-1.73357971499569
-1.38066169876369
-1.7923937059765
0.24105443139867
0.730717070715179
0.515110510514301
0.674350818930183
-0.152122466454239
0.85802111587226
-0.0271424807039099
-0.635222672666295
3.02140077954816
0.0222988397026134
-0.68095711250214
-1.44122432123327
1.38623089642733
-0.844660930078666
0.216929437640642
0.438493077913103
-1.13266757709489
0.230459595358591
0.831405027545854
2.59800573584305
0.259016567207573
-0.733861785883425
-1.10043296468705
0.566036842053592
-0.0847257918074344
0.123654670394682
1.60511568419013
1.93533819188292
-0.215007017331478
-1.11274283385694
-1.57025624319384
1.37972919775868
1.99806915027024
0.76824579524114
0.903974423404921
-0.0800921554234306
1.53375746178579
-0.469110410159797
-1.17680110605144
0.815935059965909
0.377505341886992
0.411813409138186
1.40311973912453
1.77854337929331
0.779477329178457
0.347953242445546
-0.0222765955451569
0.940115428714914
1.26180324825998
-0.9142156885396
0.729656901798248
-0.430701985461408
-0.031134094073083
0.420760445440553
1.14182281420149
-0.732922635776214
-0.848156700472655
0.483150296285439
-0.449204208839724
1.32014349938617
0.977681030445989
-0.207080475315794
-1.77639563471838
0.101890117644525
-0.267280443268293
0.400648995211755
-2.75342473823519
0.026826328758517
0.849181315965491
-0.203731700227189
-0.0662399622195575
-0.244445566895803
1.85872989872018
-1.16658834645137
1.52249857730812
-0.874525400315424
0.683314337754397
-0.5512551210962
2.30804392242369
-1.02397278938395
0.672899881669544
1.74553231257726
1.13931512312992
-0.715938744751828
-1.54523168697673
-0.408352185945159
0.571598352781646
0.846520318146959
1.08471804657595
0.359428378975069
0.917346347653501
1.64500931414385
-1.63512154599507
0.907570809725922
1.9588518434005
-0.658287006964555
-0.444915158520294
0.365761307604256
0.0595999956477774
0.504323989949155
1.02177203243592
-0.625454983087262
2.22352199291483
0.349386074381282
-1.63223058619097
-2.06849970189504
0.826693586631734
-1.43464756456024
-0.89423513847362
-0.25828391566342
0.444542793596499
0.329449006804529
0.779924330722395
0.698940141467556
0.265212726707859
-0.427649983824474
-0.432819172295931
1.41933697277959
-1.2650198405581
0.379523888188594
2.76187295576146
0.762048742505527
0.198803547681671
1.50384608950718
-0.111989566555656
-0.66741472573511
0.875752675116102
0.363213659025977
-0.489247269816047
-0.0269418913844826
1.47434607658766
2.05592911464506
1.13323053591991
-0.154196009869861
-0.112062028404818
1.33115507610884
0.14985586376525
-0.559819534023287
-3.22025611113156
1.97093709159667
-0.644176015697643
0.625218351217731
2.01102567087671
0.860993558861893
-1.72811341153675
0.91445153282317
-0.509086367814548
-1.09244544031311
0.254172165004126
-1.24453355581167
1.87851585587025
1.06179443801658
0.756001729929433
1.53149219450433
0.203925024471915
-0.913148335690732
0.700616904604315
-1.38270312224276
-0.606386034446593
-0.429244499032841
0.769526566907597
0.827163475945753
0.212875424528099
1.26652920506486
1.38417417189381
-1.2745004716241
0.352358619385424
0.505224403925337
2.59086316706748
1.08541463341021
-0.503535050706913
-0.356174771051345
1.592670173132
2.29338685548828
-0.37962447157687
1.88436567576505
0.475212778164002
2.04030948494644
2.60613102462419
-1.80345561306843
-1.63404219129839
0.195991159205088
-0.190348563622976
1.12002258669025
-0.228331419113541
-0.416486609827502
-0.0352544533941874
-0.215446168677659
-0.31806320259946
0.542575826044698
-1.77434215054196
1.17395646671222
-1.08762261990937
0.861277031591948
-0.805876734667286
0.161490533673879
1.52647534280535
1.04162292696355
-0.570323433360224
2.7659196815413
0.491436955484984
-0.178823390637463
1.42579167995987
-0.0336702714436966
2.0729833546057
1.27843618336846
0.11557414400992
2.38814857532728
-0.18887400605312
0.199353550872633
2.20785782316458
0.94718920195001
2.15881319463977
0.220121091968544
-0.55417538623521
-0.0443234555904672
0.925064486887362
0.937196062780725
2.34626278187148
1.59822521389114
-0.203871937368708
-1.83635824451219
-0.786535743364217
-1.21112782467797
0.902618542083699
-0.146818442112819
0.221039577845738
-0.692828658816919
-0.271523033353064
-0.792479268842236
1.61133652455832
0.117002499525266
0.703181936874924
0.647906601291617
-0.133845391865906
0.616606561058071
0.618614150289854
1.38556304865108
1.33175587031154
-0.841019295044153
0.00329745240915005
-0.197720963996459
-0.892441006322289
-1.19851947532842
0.58514910217867
0.639915415214408
2.55006855682268
0.90273099992084
0.706683387124331
-0.0968333234704826
0.480056967976315
-0.0533161600296865
0.828108996370409
-1.15597682555001
0.591195813859296
-1.7408462178916
0.996406622480745
0.936064234704123
2.34464870684675
-0.192379769948969
-0.51598363188492
1.69850003201451
0.0822614416803273
-0.0832649971282852
-0.626369453201994
1.66497143031415
0.40007994676285
0.412982327365041
-0.420428521253645
0.286427645503571
-2.80464706107287
0.462280316629919
1.11970732579527
0.611503594708892
0.101278753685153
1.33928672179822
0.795727978367894
-0.153502058604478
-2.07531831540203
-1.11503219088618
0.608724972202191
0.10310632600487
0.662437879233259
-0.0923533730539213
-0.731131241264607
-1.39847326431842
-0.554621368728535
-0.68207228725449
0.313905837883636
1.24966636249893
-0.0996907408569258
-0.14958675833205
-0.964113816773418
0.306224971715021
0.277251345666316
-2.20116834206832
-0.303610850324547
-0.222113039361775
-0.590169969903159
3.17866421221581
1.71541871574417
-2.19955546372856
2.22322267860675
-1.77536617114865
0.577201023724258
0.771670350146441
-0.688075519579132
0.889600801915084
0.33204578114324
1.65366084030109
0.738757333086166
-0.591685841174821
-0.669468873446424
-0.788087127564007
-2.04689403822421
0.347124016478767
-1.55524302080791
1.41668127655188
0.317556978287008
1.47783865071057
0.155716718340027
1.69351490425442
-0.421389529265746
-1.19071625216657
0.523831104787516
2.52994029467299
-0.96474090585546
-0.572025053925566
0.720535524500639
0.0797698729840811
-0.821858021771009
0.0500932105845386
0.82549457523938
1.26651508453994
1.96875268503633
-0.0242192384090553
-0.197996754838976
-0.551026703378828
1.58114009115609
0.975027044337927
1.06328783275975
-0.0717205137263572
-0.393059494669256
-0.413545683130678
0.481572767663883
-0.537039783056207
0.447004921301668
2.35775215109875
0.196490812515814
-0.240865940123643
-0.399855559692891
1.51432571944587
0.843858130834535
1.94963143918779
1.18904998111362
0.798551612411736
-0.161349632915945
-0.390973720908011
-0.20694476237481
2.68144305167121
-0.301272032147488
-0.352967348299472
-0.0656299316741644
0.741902353240399
-0.131616310616212
2.5092206692331
0.922990402591748
1.31101744131659
-0.945833992350785
0.366467985212979
-1.6413952080431
0.551573841949083
1.71618239675759
0.408492634530328
-0.661853749223279
-0.597599435015792
-0.858736747914994
-0.941921987028823
0.341840604240654
1.68366616288652
0.900681109360428
1.48989531947146
1.9492035677524
-1.53703152041645
0.11566679960135
-0.0197891516206487
0.983618856824257
0.0581896126304547
-0.703983209033746
1.52064976601395
0.839295898928441
0.825175639071255
0.609820000387715
-0.539532957117212
1.03629749121787
0.696349781780023
-1.36866024137983
-1.57119189649766
-0.875083326455157
-0.647110143109966
1.01441242770835
0.954398330357105
-0.05712312622972
-1.92928951537084
-0.230984562580181
3.96937064435338
3.19025129653312
1.1377319356462
1.90902771157383
1.13124745908539
-1.63870568425609
-0.978941653260053
0.425624418574967
0.835626693805502
0.806335191917601
-0.0134991743337087
-0.553807324420075
-1.62356902026357
2.20124964653363
-0.512627261239982
0.312382200616203
-2.08160697223825
-1.01360373859157
-1.28558655216711
1.41495537764725
-0.658229684539111
1.06421246891905
1.04794599113494
0.455143333612498
-1.32564072334879
0.330916817169592
-0.209412773763806
-0.363497295885965
0.589682170029048
-0.106716592286535
1.79947618242938
-0.122072847145654
-0.944181242859552
2.47347882238183
-0.248932235710993
2.11339663025059
-0.506080630289409
-0.113141974942022
2.63924789330849
-0.136849900754699
1.86863588853323
1.23015377048904
0.263567281372744
-1.02389072785738
-1.97504764680059
1.29914449051481
-1.54219693458521
-0.68077090651481
-0.96489229721394
0.925673576388424
-0.294465240630988
1.23901775031096
0.289281481563054
-0.620530267605826
0.0878626828539812
0.816171138424598
1.00031009313827
-1.31187551666544
-1.43648884157224
1.51598856116628
0.327325124681565
1.33001253283317
1.04639920021862
0.303013893487858
2.38331851852546
0.0867032391467248
-0.380161277023456
-1.42094662970514
2.41725637525738
0.242835210715809
-0.125561460624456
0.367698130933074
-1.74622194496456
0.771744204615624
2.51028570908059
0.0693577521168637
1.49450595898395
0.203487307432311
0.504696659190074
1.07760292773112
2.88139326631041
-0.331680800462866
3.05203994909131
-0.0594426601798484
-1.11148504978557
0.583153156083361
0.913919121091051
2.14752420696588
0.349978390912003
-0.345767893580175
-0.342258778684907
1.25651995379573
0.407702859680768
-4.25325344865491
0.00151334579871759
0.661289284138781
0.141982726611092
2.32611970052505
0.108620449926715
-1.52008886824532
-0.345577176735642
2.21653945198587
-1.60031491158997
0.474910527148123
1.57028676360397
0.525280352144897
1.41037213451542
-0.643029151293689
2.82953648579483
-0.602275969021812
2.59624265048012
-1.67774701795423
1.22044872832252
0.782608443167875
0.606739420489219
0.678452558179574
-0.400000488071345
0.582903511914089
-1.09672498330064
-0.983429240498086
1.06299560734271
1.5714982607986
-1.29276542853567
0.795022499423439
1.78870760025157
-0.0771361300312445
0.565765313949616
0.202430735960584
0.858263448617252
-0.503947183072146
0.107856958053931
1.11093732989372
0.859572691240014
0.836977525320943
0.536993414991758
1.16937667436643
1.51642727693537
0.358388128879596
0.89055791898813
1.83395029708366
1.58273511416444
0.542963726021823
0.58596157570775
0.0529551915378594
-0.728823830417667
-0.0287347830764442
-0.537627792247027
-1.23703690233465
0.610922880628887
1.67118113852221
0.636835949111528
2.11444107310993
1.87790965411088
0.851639685758055
2.09797376208326
1.68973538471711
-0.785471896947364
0.621903786367285
1.07031581690048
0.182611816964657
-0.142259621833062
0.174624976089375
1.19262769444497
0.928483813152922
1.09163461700351
-0.00409434059031444
-1.78457779242814
1.13892829362333
2.45806226229948
0.854388450205619
-0.708510598384199
-1.41762597773895
-0.717078108082676
-1.9289661549137
-0.0468463997604392
-1.47594346537982
-0.226048227212602
1.60601377200688
0.707938748748328
1.14687466864372
-0.316440125512641
-0.10604233793592
-0.122826359563389
-1.64596400639581
1.40625446816155
-1.55100085327372
0.279233537492716
0.268585011047645
-1.35686790278732
-0.0824054574599979
1.05003452446637
0.929109078792416
-0.619207582649736
-0.082171312232271
-0.129150081587047
0.562957179512483
-0.0920199629870443
0.648445377039877
1.58634434453572
-0.675124904264883
-0.64791932133259
-0.38975908639101
1.12300971397837
1.86741198329112
-1.67000949164167
0.817588286549567
0.963880695352859
0.358434498518399
1.25044508512911
0.74854807321223
0.233184078072707
0.391268371587827
0.831439069884174
-1.27011405557133
1.73898601211211
0.42136727495969
0.323076864974586
0.741737972754335
3.66035256478723
-1.10056099612891
0.693099715497675
0.0600064072191578
0.424388078048836
0.783399555150712
1.41223884390942
0.366884047681867
0.331675465568512
0.496992970765188
-1.64143608998271
-0.133847379605786
-0.114844762881482
0.562841340743845
0.771417957863362
-0.176845106598647
0.228218794825751
-1.9431716903549
0.541506862356349
-0.676934097027261
-2.23338190648097
0.428690551651312
1.70198981448149
-1.0484437060801
1.69651784261666
-1.09526082786611
-0.31383089396314
1.40972334126606
-1.30673546220655
-0.751255338191591
0.857638245205868
1.30438083354337
2.38948316310142
0.739469711498545
0.165220092275912
1.93730165555533
0.794469153416239
1.81599603343664
1.76861892365674
0.529584996921967
1.20230851883444
-0.273014402817849
0.53055402124781
-0.149014692724641
-1.96762689959948
-0.807921156447633
-1.66197254103644
0.543752108874857
0.402140480072796
-1.20102486144401
-0.960728143729023
-0.407812104430119
0.019802656456624
0.392362193727939
1.16790285785749
1.06954153300645
1.13651022313467
1.38542457607118
0.170941722271296
1.41190889933408
0.310543231857171
-0.447981922539851
0.345926420410222
0.519217688012475
-1.75776188899687
-1.02798436470942
1.87793125603436
2.74064151639855
0.670346727480854
-0.263290754257893
1.03706018865051
-1.14293853005639
1.1823980916703
-0.522615015903633
-1.18032635834064
-0.264015456058313
0.092795795378359
2.57597660125203
1.37459407717846
0.629164282114268
0.463567362509105
0.028107292732625
0.517786466278031
-0.915050192155635
2.7974811715105
1.08511342389255
1.71949159595545
1.06638929241983
0.191667861621841
0.549706967170102
1.93077095949609
-2.24423504991821
-1.67517476503924
0.812628875705687
-0.74737886507881
-0.773026044626616
-0.754137240689352
-0.42983447846562
-0.510172944513125
1.22067377685948
1.72640158472834
0.128378663811186
-0.363238307794481
0.842797298794266
2.33808475324293
2.82526310529288
0.572341124666626
0.0476600374045133
-0.705799424621872
-0.768899354152557
0.443305126281894
0.30178516549095
0.253808231482626
1.03725204264205
-1.05814068755163
0.135210716979344
-0.525355056581185
0.190577739208066
0.762930234156687
0.00192682250427034
0.632383015271998
-1.18517762037698
-0.702545492516441
0.165164062848666
0.620738850523497
-2.6355512775363
1.03504095825556
0.758527281904054
-1.6664829624676
0.551939012498581
1.24421949326693
1.34325442503407
1.02179019496867
0.66073258387821
0.812357388285859
1.05159420892396
0.257446759789575
1.45746208527193
-1.08493225489013
1.43646328963251
-0.0423632690456311
0.595482086955324
0.91455323543754
2.20669570276296
-0.118519775984907
1.01212232144209
1.09576965482616
0.518642094928596
0.321203627615854
-0.699356199553415
-0.313231202681469
1.6596445752241
-0.921175854442971
1.02606979097815
0.175832244605352
-1.6530587508021
0.081786774491923
0.858095606940636
-0.163280327682557
-1.17013825030575
0.690075948366195
-1.18816560456066
-0.48970742937626
0.982834563660598
0.812146901757137
1.57841742994255
-0.38527773044721
-2.12192022279286
0.837196892358527
0.415504201434117
-0.654144599769542
0.670451487510576
1.94017967894888
1.24877079277582
-0.314020300896002
-0.999741199192303
0.426577353434529
-1.24578491214039
-1.02601952842299
0.229469688010298
1.6933496244523
-0.687441702846529
-0.511264965775956
0.442188152386833
0.474147840705677
2.60931362658019
0.593364726641552
-1.02273745854242
3.25995084000374
-0.963329347104345
-0.612029702579083
0.44258833864762
0.722843381393994
-0.436478508548746
-2.11591506935937
