1.88339071028113
-1.13924521054717
0.331792620468192
1.33826411168907
0.962931740863095
0.497582432204395
0.948505898683629
-0.616451821358574
0.0342109156927022
-0.866734333106511
0.732694348841149
-0.378706369112667
1.69215870847309
1.53154355873605
0.494863201067403
-2.01994912714242
1.07256571560105
-1.10710192426072
0.461589042809531
-0.26354947650154
1.5401173935896
-0.491390567015909
-0.465971549519247
-1.42713009005294
1.63179815183079
0.89435209402601
2.28522963859082
-1.22088029922142
1.18831801961172
-0.178080821394208
-0.610919304376886
-0.951526725087773
1.82645983209497
1.18663889184582
-0.389732831318253
0.150800273214663
1.95955538764111
-0.401532161704694
-0.176472532927059
0.806817479085564
0.16393428942395
1.14495932067791
-0.0061866886161599
-1.37934925550278
-1.64436880860848
-0.161187504679138
-0.155489637171106
1.59653523740168
-0.195608957440511
-2.08670879680341
-0.176282492533056
-0.0975519487878134
-0.557763747751799
-0.199536385397125
-1.5907831484784
2.51026947003021
3.02837659026064
-0.176777833831575
1.00260722670633
0.168541608324824
1.16270487033558
0.536676900022476
0.885223058719974
1.04642460385335
-0.0824271719120201
1.4034718819173
-0.0677268381505403
-0.17157753286239
0.0287797531820521
2.05619119710785
0.511972019212722
-0.883422171020009
0.58730156111918
0.167564392630598
0.373564325848745
1.38786715484559
0.839440315473976
0.0267059578706562
1.14373978547848
-0.671915653584279
-0.677629417707918
1.36322431290162
1.18293827225082
-1.72233284231787
-1.00003121467323
-1.86571108128569
1.73461036845286
-0.326533807616446
1.02235817246322
0.327813669383911
0.244329272361977
-0.633551114763755
-0.165836369336715
-1.52365368662019
0.293746743686702
0.252902137055763
1.55062739225562
2.75521116233471
0.973379574307341
0.179424782252333
0.157122290064798
1.73691534665365
-1.13643890284668
-0.526656469485692
0.00997719197515694
1.19708081612669
1.24519874712919
1.60759259832229
2.11551717022619
-0.395424687513634
1.01879262718601
0.329442237874987
2.51605873610424
0.119314914511662
-0.583362800291323
1.1918801628788
-0.540808615664531
-0.243982448541454
2.09573734917589
-1.29252015094469
0.370571679208894
-1.87782826586864
1.30546630324191
-0.603152898789566
0.223952307264599
-1.26235053593564
0.83049579144293
-0.293523070754292
-0.660317887809422
0.866971455027668
2.09265368132015
0.299551267393447
-0.737272129317493
-0.605481685809964
0.792816308258711
-1.77852498305505
1.80825426409116
-0.442294798896265
1.73189873502792
0.338945150899879
-1.3323586889812
-0.851619430029056
0.369221544696096
1.62281945818744
0.677476501864164
-0.279056674533472
1.31430465531426
1.00418412712209
1.09897586414871
1.30792371860995
0.676299283006913
-0.223635702195268
-0.17346033182843
0.927745104535499
0.116210641161284
-1.0339654258801
2.05847902991354
1.60419031675088
0.537594380557537
-1.36991224375242
0.591256360653674
-0.33106402227561
2.13065590933201
1.3442520325783
-0.284260630077787
1.05038178431873
0.784185021402279
0.206601296471526
-2.4069155691154
-0.313420219977919
-0.370029763981018
-0.0470467311709819
-0.150183456895479
1.20031035491716
1.12026603519567
1.03859303359483
0.809791754883039
0.913827942555043
-0.221678560645061
-0.272344783285959
-1.2383601278403
-0.403921844530006
-1.49849159905302
-3.05584478153925
0.820317095848772
0.391745024277264
1.31835785758918
-1.49128207123907
0.592652114560917
-1.12311612496385
0.211242603530768
0.34478781150091
0.699905895985504
2.7531030304523
-0.337966674285498
0.103885422869676
2.57755102752528
1.28712887193726
1.99876464983681
1.11267714086481
-0.682515504196702
2.21818192010333
-0.0759201337606993
0.191913311583568
0.0948190044306298
-0.542595191081421
-0.0429547469419341
-0.623678164799167
0.119514423646628
0.213718045828257
-0.551680686300927
-0.165969335750374
2.9112769402547
-0.281425716080193
1.58714696992312
0.161949313941509
-1.32267922263258
-0.60214736688827
-1.09564845744358
0.0840699587982628
-0.952473123746466
1.87135655355464
0.103635140282758
0.275854471066271
1.76495618246169
2.10699874067196
-1.24124494862139
-0.216323594095425
0.672856821672394
0.906247754778899
1.31729021175795
0.417442503268918
2.99711742328336
1.43267331907966
3.50636708286339
-1.13411519502996
-0.163714435496316
0.556016618604402
1.58232370939629
1.13044349891568
1.51849464100138
-0.557679591692856
0.635693986292692
-1.42148363126322
-0.46022858059278
0.219149024078232
1.41562095408954
-1.17936787680567
-1.54427410061653
2.19900997415798
1.42982759529237
1.89788144147278
0.654228259130785
-0.667961930984068
1.1852147785824
-0.145290269817773
1.54728168648361
0.267037622427036
0.355791857414785
1.07012156230998
1.26564224021755
0.0385844086857729
2.20042458876853
1.37537280037791
2.19117033462875
1.45415317406192
0.705167536801416
0.794004468948869
1.33298041130833
0.524425918143281
0.491753135963655
2.33451139275727
2.05805215306447
0.995102151084503
1.20206492887225
0.34702884252388
1.47432254530871
-0.0807460038002348
0.635511397290831
-0.257438020592499
-0.154245215099401
-0.180834387356484
1.75911531915322
0.633104760101456
-0.23873679296282
0.184619107123254
-0.570946901996426
0.814082125221826
0.746372097430058
0.177322737404897
0.649792766211175
-0.638398084223723
0.867088606325956
-1.35296118079218
1.77593795554527
-0.30537679838074
1.02258182597145
0.303026405217561
-0.641084375452841
0.784539972116824
0.309251190617367
1.17620183103871
1.58233538564022
-0.362166730617899
0.216687583869087
1.67626142445478
0.033789471238816
1.70600622334627
-0.551734792675234
1.06353654992599
-2.26261625784127
-0.210704850631748
-1.24995872096049
-1.1233497061726
-0.377752964846478
0.890012914996682
-0.828062714376351
1.02842366846045
-0.738092008401102
0.0801123258168421
1.19256916555799
0.84917055563789
-0.0170627298541767
0.900401886290638
1.61352849641487
1.07866264560842
2.09570751329147
0.694226260708062
0.712776504559613
0.24259624814755
-0.141127218444573
-1.9693869651026
-0.898519347089451
1.03305055760592
0.936094578927694
-0.516707997950302
-0.133423728539006
-0.47411111941892
-1.13938950769321
1.19695558671923
0.342858331008945
1.5752965613539
0.368413580692967
-0.132772686307223
-0.431130115379501
1.73618744338199
1.81530920198258
1.10397199087882
1.1422562688
-1.6867177624926
-0.141964201646851
-2.22694509558651
-2.74120156732178
1.21609760509458
5.13265438486247
-0.234839055183174
1.21288381115793
1.02335502381522
0.139977862904414
1.95940520802569
1.31571710407484
-1.15814212230108
1.55475544161184
2.16438018309283
0.23920205784799
-0.105416678821901
-1.52598507324174
2.71363405677731
0.845647991332327
-0.441940460340962
-0.885503869214124
-0.181165988909483
0.4561542236595
2.67089745423778
-1.7742902683752
-1.17556044870459
-1.77404835460562
-1.74218246711607
-0.472028699343881
-2.1942818953083
-0.661551625671738
1.25845428655197
-0.781484683762987
-0.811319014382253
-1.20672511380679
-0.0876139403991973
0.244941040302301
0.0121413506233536
1.52129347580866
0.442119920688383
-0.343279519910095
0.0739316970298503
-2.27417574879378
0.378581935094565
-0.349171344643554
0.944288601341189
0.799799228402824
-1.05465159108704
0.711135155862641
-0.860565869554216
1.44837226292833
1.31621461272767
0.0516394704073275
-0.638836400326765
-0.86257428975156
1.61850063778822
1.33735283084705
-0.62461874929088
1.23582631734188
1.35609017514726
-0.451340701972746
0.590522079365689
-0.0819035991161031
0.182311602223289
-0.588191160139373
0.975675393127952
-0.763477771500338
0.758084051385966
-1.00969632522825
0.0132922273452897
0.123223745578798
0.992122337195928
1.26764442337522
0.398527883737701
-0.719128365471578
1.2274070356084
0.830043164218254
-0.67890281298673
0.288968825316851
-0.367163615060345
0.237857548621599
0.0435252744998489
0.707533578622889
2.85380540335752
-0.122491994450356
0.808073258167931
-0.535887621176945
1.53271191215304
-0.31893725691066
-0.94523796284968
1.32435828573218
-0.707729301702554
0.585800319220587
0.269238288455262
-0.856511700050727
-0.359482772675494
0.260768769730271
0.482297094269122
1.64711171590653
0.62716610099263
-1.20132072038508
0.568710845945649
2.64021216255756
1.51956484211709
-1.66974924966428
0.529807731441441
-0.676949055963293
-0.589450695619052
0.341943476526165
2.18469724179505
-0.407043830321726
0.42843337615024
2.1072188218136
1.05868496365896
1.30375930898277
-2.17516148641548
-2.14719622665881
0.0989458782460444
0.21631268424266
0.182127329438937
0.23391982971788
2.15326129310796
0.824069402309827
-2.15643670482053
1.19649895654097
-0.615912268082647
0.455421982117816
0.126315750794551
0.654304254761073
-0.573160711425222
0.100481212042897
0.928252482208909
-1.21532289815207
0.833078030576848
0.377387263735728
-0.275575117314646
-0.238404342135618
-0.149767024997236
3.27090228443959
-1.78854434506203
0.239661623925975
-0.657328870902019
0.842490502624786
-0.357547750444684
1.9526443593542
-0.651004634905557
-1.04604574416826
0.0861346902651002
0.0747731853044047
0.985085806315051
0.997465312415831
2.40109238309367
2.66540340103678
2.48615449945695
-1.0050551928972
-0.738344986747803
0.753045350516573
-0.102684032159664
1.17665772645656
0.509986124588987
0.388727233846508
-1.16278399530473
0.793022072848776
1.31076028750554
0.362951417261399
1.54923437693279
1.81542663753312
0.216714419426994
2.83515155523475
1.04646557619494
-0.278298006678894
-1.39571225331622
-1.82249900613202
1.64610882144065
1.70216105426723
-0.716604821219628
-0.282714264377642
-1.02590201095837
-1.36973285858026
-0.225596002744765
-0.522873581468286
0.916225668597959
-1.65448499068743
0.698741192113011
-0.46544669388776
0.893558215321836
0.42207294513885
1.34500761055344
1.65242309616794
1.40656174163279
-1.57970519676795
1.50452070031449
-0.782245937593906
-1.20984288073569
-0.448927300977011
-0.759959401448558
0.278984069111026
-0.0197584207712125
0.615704430580332
1.42214310784754
2.43900654415709
-0.604907987034504
1.1981465952032
0.705221151242868
0.475253471240829
0.0154945011146171
-1.42222468020705
-0.260083801647372
-0.647348950759742
0.393947058425307
0.764610177296257
1.19574457251474
0.210688983158874
1.6759498802633
-1.74992770205883
-0.99331969096887
-0.585016335337252
1.43793100155809
-0.447593955172821
-0.116137778831257
0.406962159963459
-0.122942519758297
-0.646523423314849
-0.371526801443374
-0.84280436192793
1.02456278825457
-1.17412151245146
0.277321567499622
-1.5493551620906
2.7170135114787
1.29486591432444
-0.282812236231188
-2.58497643674331
0.994923882361935
-0.70300523052578
0.820441554356313
0.71115997885624
-1.64286155509327
0.727601951719915
-0.229572524440539
0.668257898639366
1.21439477153052
-0.628621697504091
-0.636695236637854
0.1894812834074
-0.026165021023537
0.357075412131704
0.967483690653224
0.31459394055192
-1.0984041451277
-0.821711340833649
1.35586856380984
-1.37737396685209
0.443752522557956
-0.168009968458693
1.23763739594108
0.887507474987864
0.661751414470867
-0.0298820111458611
1.45816962641643
0.579842255931714
1.67605299156148
-0.00684422771691536
1.20551526765333
0.209641947766996
-0.033026603500492
0.396226756297045
0.81798921394917
0.806549294142969
-0.873169382795281
0.984901133470365
0.829232491252343
-1.1160941633295
0.749804544456511
0.653651195424553
-1.02332460408744
-0.669379874601427
-0.352309834476013
1.03850794714972
0.286185610679418
1.58464509049687
1.08104630638668
1.50199222097211
-0.806300959943924
0.374194581699658
0.0253881904232125
-2.39073562790428
2.59800470094341
0.698484181592343
2.91729107232352
0.774359990517085
-0.886194012101139
0.783368767145317
1.28749975953421
0.904470197069289
-0.886745316320358
1.75339839912565
1.10432645838895
1.15059473093882
-0.059974646131976
-1.4468450667313
-0.716316391271849
-0.159808616370164
-0.318675334839539
-0.542348204534527
-0.394256669231317
0.397940545047076
0.729709317678227
-0.276495064558116
-0.746407377990722
1.44873023707915
0.765624819091126
-2.5843603641603
-0.593035512645167
1.63720679084995
1.85037670388587
0.682229729574658
-1.43135946140337
1.00798614943941
0.19502265980527
2.58569743957821
-0.327953063654064
0.258756675836547
0.00584339137063516
0.821391356254023
-0.933349105269258
-0.763649003560932
0.80670586555014
-0.543511544855059
0.356453580606262
1.66120803121483
-0.400210048286473
0.217226600315365
0.303505793093807
0.30231164207804
-0.711468343975467
-2.73379753287484
-1.45783315420689
0.974979451804654
2.13193644914461
1.55797389564503
-0.12293011395234
2.18814791562914
1.21711441712977
1.02978166986895
-0.0387172947162212
-0.408090491871934
2.65114187106878
-2.25948752871899
-0.941164684547924
-0.392619547703891
1.10883247619423
-0.691826663775951
1.15157217509544
-0.926113030579834
0.472186776892348
1.0301675378256
-0.961120703303874
0.612238508170553
0.607219109294552
0.937776454147151
1.20937190495527
-0.0969390383128505
2.46747993345389
-0.71910714734873
-0.729264772059095
1.93296877988948
2.39859942910564
-0.403049516177676
0.858050448897587
-0.212532640833024
-0.386971898504939
1.76190354827011
-0.942462565468436
-0.843674901930209
-0.384968576039326
-0.437808022883449
-0.926199083261127
1.15908546173932
0.151152138925914
2.13299635915347
0.527060689684937
0.727614670412267
0.383045429394121
0.247186170462327
0.491402407423008
-1.46234396362106
1.79494051597586
-1.01112750886296
0.570559474962952
-0.876478061810076
0.934962008928689
-0.396231855245969
0.449005732375138
0.0718590565310279
0.704364620508943
2.37227105793849
1.33975826134124
-0.305247328659188
0.805199499250307
0.811742502855015
0.471599685626617
-1.12506848105753
-0.213778658383776
0.431290970413783
0.502528875775691
0.869987595837715
1.16605722014979
-1.3662480300731
0.613299653498549
-0.973377584160541
-2.45976905707543
2.0786563301082
-0.774804552395177
-0.557074948282649
0.580825762000991
1.6233788328823
-1.40663679968609
1.81920237104091
-1.47470806506584
1.74558352336658
-0.722084588145442
1.10068586573655
-1.76012981934175
-2.11090061135177
1.1044724486861
1.67645991450106
-0.515676548697881
0.616069126594213
-0.518745261482088
0.343170598618942
0.590160373515483
2.4442090145702
-0.0887073733260301
0.65656280981043
-0.0865060249387362
2.01691814299982
1.51586590424171
0.332865748699948
1.47972494111583
1.18674416206753
-0.0339927445230442
-1.34601824345308
-3.2318535601397
2.18734172886531
0.353923811055273
-0.302790733538645
-0.434830979175058
-1.88110260707602
0.833946550543243
0.699237582349019
-0.615394297234493
-0.0517058656064883
3.58090858139198
0.501417578094743
0.755388047490096
-1.26416760944289
1.57255773645134
0.68663329894985
0.260388272075851
1.35228682936844
1.11419454242489
-0.179459264869024
-0.662745236911088
4.84331546514405
-0.830994359277093
0.887056327566268
-0.828307970872258
0.0203529858384166
-0.0367104139848813
0.76566532739267
1.29248243823881
-1.24770699054817
-1.27947235697341
0.219503359663338
1.31192315970348
-0.135890527238086
-1.17681120534748
1.43807391604788
1.29637530693907
-0.787969296343039
0.570173825570386
0.946681670684477
1.11106304822587
0.0327881950491848
1.40776590102574
-1.47467342874703
1.14746162927498
-0.334174435508245
-0.0994104062441736
0.30102732100264
1.29729104350755
-0.383330788154354
-0.940003775301707
-3.60861839302657
1.32414535246414
1.20783437426586
0.184827673071034
0.608178837080194
0.522519397302154
0.891491616876042
-0.20977102969483
0.276872282250466
-0.85729847302004
0.997145457045356
1.9534192030847
0.258531960975141
-1.5283329670655
-0.000331931727190649
0.0585271090165491
2.06278666016472
-0.26507018938796
-1.32524549866882
-0.961139245864342
1.00412582598089
-0.533136880138617
0.84027319271366
1.01754432583207
1.42152652480999
-1.41704145632596
-1.4698797043912
-0.654441806652084
1.46470193944618
1.19152963086155
1.89223491054638
0.84599675141086
2.53823293431842
-1.03920059596183
0.541954646814401
0.767464446090371
0.211528822797001
0.598151434989729
1.77916306362197
0.577950590103774
1.13524798627535
0.373335510425481
1.9994805800025
2.84085926113216
1.1644839553104
0.197492119710226
1.37589377378727
0.745069984408252
-0.06151552663306
0.699351684776645
0.635995614839726
0.475657032341271
0.720625075521531
0.610684182055389
0.443940015342194
-0.541647759054486
0.437185877254536
0.504722128539355
-1.25267838597011
0.0901255032297754
0.422396086363893
-1.2746834833246
-0.00205018652182676
0.0278061484627844
1.18574471843245
0.680951782226601
-1.17543184181725
-1.82905914202875
0.0153185473566341
0.805395688097303
1.80606914033487
0.779232698160264
2.23345096687465
-1.56043928863963
1.52855691640128
-0.28855271341406
-0.371737900009657
3.47821033128051
-0.538919260500496
0.43148081886014
2.50454511681445
0.0736834072568224
1.01904152005562
-0.207295032911874
0.471107110204395
1.49306753346533
0.462784024880388
-0.586911599596904
-0.279467519610679
4.11130418807614
-0.111581867716469
0.197173061379001
-0.067854835331046
1.60173833204487
0.0164654157652282
2.66453629782269
0.83745873565509
-2.20619383519856
-1.13829906589466
0.791352460595272
0.244592946746536
0.405621986995269
-0.931346498045287
1.02316372740163
-0.197809580185774
0.056757306433619
-0.693584628986203
-0.404109456946751
0.0797820093443731
-0.421181457158539
-0.973123635054241
-0.888460083668308
-0.703283786362691
0.455491400698451
-0.739753443613329
0.433576209358202
0.0506769956062085
0.330341257813643
2.12102612998265
1.113548015402
0.355129254994746
-0.656861475698641
0.356521529385293
-0.589459761589799
1.70086493533563
1.01294995683441
-0.720478847656925
-1.0048228211438
1.14084096814732
0.97547094981182
-0.432447332364211
1.46132948629009
0.608217045466525
-1.83666537737912
-1.15163006480801
-0.0760875473796323
-0.84193468354668
-0.116784453806596
0.745905294473515
0.426375995310754
0.472070043373122
1.51829236090697
-0.594222512809343
1.10469794216352
0.70708882548298
2.31761336952001
0.981938266492278
-2.8587089735917
0.498858868460473
-0.646631780385461
-1.96144191263207
0.469500336160259
0.963639495350217
2.20157888873892
0.951164844222204
-0.181424727796394
0.848577275565858
2.37408686461835
1.52005582556844
-1.55561934215053
0.956316504640338
1.66831351863526
-0.402636515502265
1.96752315115783
-0.987462046412982
-0.176810544284103
0.225097349094428
-0.975484754296323
1.54430422832845
-0.130476450261409
0.840894923931681
0.405135433010083
0.0199402374086526
-0.203723714663131
2.36867061985458
-2.11830309385392
2.2708816711665
0.372337089343804
-1.00594109153702
-2.22044343867754
-1.98186236534568
1.74209570206967
0.164672006665302
-0.244093455679577
-1.03668743041236
1.85244242981382
0.195478726872743
2.12624783293345
0.840266027092314
-0.206133382008054
-1.59402922570332
3.0092256468912
1.17538655078515
0.0964308286043087
-0.948042561602374
1.70189373688353
1.18753506141406
-0.608858871779696
1.16316774644383
-1.38458075482392
1.34374467597143
1.01459910526457
0.634566296784129
2.15557556741434
0.467701470576429
0.8557986957946
-0.655625640114843
1.12021777113831
-0.952544502121729
1.17981960428625
0.78897791101723
-1.101030642029
1.90825795414458
0.854732904580236
0.231627393484864
1.41091835653065
-2.073273569771
-0.59637768760323
1.73373912388306
1.70967054513934
0.825964765138906
0.185479013306234
-1.6228894752747
0.882733052336251
-0.0728913143104904
0.49567061914526
0.404944604916437
-1.63288495140639
-0.203951504396917
1.53895788368341
0.759008120735761
1.73260327890128
-1.24922846819216
0.521519601063432
-1.12697228927404
0.0335435601824269
1.1074618176561
-1.84246972732914
2.7952856246652
-0.187429307190753
-0.0970032876520702
1.27957581877839
-0.0598253220990264
0.909764427498089
1.84030099017701
-0.699095576393003
1.34461497857934
0.825815719525703
0.558213362184119
0.321694585089199
-0.044950763173807
2.09236468600612
0.875431385095419
2.01304658771033
-0.305756737590326
0.646171323374829
0.582817880127726
0.332703604215801
1.09375183594357
-0.214622181174148
1.50521247080543
0.189054098643183
2.23582242961391
0.18269130554044
1.17595155403281
-2.06543657151821
-0.405204189944397
-0.495968592745762
0.25068113969621
1.78678443130302
1.11296653748953
1.0569279127853
-0.594880177308615
3.63985819399985
1.79403202755605
0.204714929246285
0.329912544377719
1.35591619557236
0.6953284856496
0.694831629440775
-0.414154132803652
-1.04824121133087
1.51336344460201
0.427790582856056
0.525438402207441
-1.33610682197726
-0.446761786952188
2.69260743984553
-0.512631289063754
-0.811750016399527
-1.23212374790827
-1.0560360480885
0.0751778678058123
-1.3724623736778
-2.19436397177719
1.32982725035956
-1.54984629643577
-0.86214215151913
-0.63523770336514
0.439412567809241
1.01541864255096
0.129565911519812
0.225696177314257
-1.10083031417049
1.89808126888139
-0.599170831190629
0.275305498048157
-0.421178810266991
2.01677855453583
1.80360987720545
-0.41975852799541
0.752799626648726
2.08681757784117
0.115052664520459
-1.19390486355888
1.00048745175673
-1.28372066970512
-1.75835997028688
-1.89309421164662
-1.36072457061463
0.844639833205889
0.0960867202540765
0.575062243390262
-1.82261114103202
-1.64009983318379
-2.4840824533793
0.620054160080389
1.1853474100657
-0.464013438847164
0.413780608105754
-0.668095418582409
0.446809576978193
-0.426482902906893
1.94418858565261
-0.139794938349366
0.637476410108113
2.25023768926911
-0.562555549242688
1.0377185847973
0.240622374445726
2.3209467327355
-0.417885187658197
-1.36722298389437
0.793310552671584
0.00709571352335736
-0.123884753864609
2.06278094803471
-1.88528807865121
-0.719765245768728
-0.754669330833724
2.71548412600066
2.21731182525563
1.70007854254618
0.951454317793865
-0.155627720402882
-2.1200992951883
-1.63613583476868
-1.7745646089715
0.591280428119528
-0.290518379723594
0.458273006406854
1.54357391072753
-0.552672358012967
1.89778719967692
0.657599520876665
0.618964981541119
-0.484329920422661
-0.366587206643244
1.06607951811974
0.0445119226927337
-2.32594829428448
-0.971176481980031
1.35734498464095
0.0664468399093652
2.68759607044967
0.799822524735145
-0.110540421222601
0.589600253609847
0.597982070967192
2.3688787832839
-0.049969390555029
0.398495767264282
0.960864501489364
-0.313801212298997
0.826786121603214
-0.557521291292029
-0.665922471650778
-2.0975000356556
0.0988265694170365
-0.0360849115204351
-2.73279335730158
0.283706441516536
0.469149703056426
1.93026020154084
0.193866414726697
0.680485715696117
2.00946250881588
-0.902477484129483
0.348561613724973
1.56168204017645
-0.251274105225612
-0.776163314294558
-0.590298155310557
0.648355088394046
-0.325013955643202
0.721545361957006
-1.91451346304778
1.6202919132968
1.28192153043325
-0.127249415460886
-0.407463534033729
0.45854815948556
-0.386938991210277
-0.520211966488635
0.865193556306146
-3.08248331231463
-0.695648301935101
0.096125963388226
0.499023655912308
0.873610039924618
0.507710231054707
-3.05984727419793
-0.645934387589071
-0.00213599583489948
-1.51697973453886
-1.60905363323047
1.66359788848043
-0.174539378777932
0.24801677596427
0.225517675533074
1.54124609006298
-1.04643844126671
2.99548970317187
-0.927386631659765
1.15765835512553
-0.880515058378142
-0.757577718608566
1.26862380250864
0.163428254020217
0.812282663438182
1.23101584992581
0.327186343443381
0.588208703328892
-0.336081676611026
-1.07424344627235
1.5333143835809
-1.84296420791616
0.120256930172191
-2.40077307848211
1.35192486502723
0.451022391399597
-0.254876072999406
-0.197062931250919
0.0412830761275508
-2.21092355604992
1.09321326307609
0.91085197758693
0.424660080907128
1.22189521293737
-1.22144130844896
1.87190503765022
-1.10927640359965
2.64678593870399
0.195511805198153
0.189554812209542
0.144959760615936
-0.490787317217702
-0.341929049624361
-1.41253222272908
1.09739264654216
-0.474007880439849
0.324887734665311
1.18582780754646
-1.15205363473003
1.10948150658317
-1.54860860843885
-2.853457741338
0.679960200674212
0.878268506414452
-0.795694709363701
0.341373930340152
0.392499370371542
-0.0818044838992695
0.725311502995523
-1.34449826010741
2.17003794278064
-0.944760789578159
0.0325526945346453
0.356493883944113
-0.17503720564716
1.23363639360767
1.82987304624123
-2.92497204195008
-0.172933564692802
0.107097079538383
1.55399396882646
0.14028811223486
0.148457328064865
-0.214878050497119
-0.509383312151394
-0.723032265962196
1.95896453914311
0.657541635548355
-0.710758708955594
0.0156760497275963
2.09947849068069
0.332424188944741
0.817623654930648
0.791337491035608
0.826716304911418
1.14410493759654
-0.527207636762809
0.261680001456146
-0.312307827798091
-1.60263224066968
0.900712430500496
-0.312959757977454
0.699647085719005
1.04738017310111
0.448484168497589
-0.780047641554511
-0.164513028397432
-0.834813082102461
-0.951661428635061
1.1254717814938
-0.392145871379253
0.784372134330724
0.66370568136674
0.675995249215547
-0.190260029455048
0.639526883181225
1.24244208240064
1.09004091960457
0.558428034914132
-0.825623620852961
1.95075459058649
-0.118142593029668
-0.396791758404464
0.134461034443364
0.170500747236256
-0.231952676676539
-0.377455758525874
0.253440116129099
-0.732671377830387
-0.538647540161492
1.51396836789646
3.01111051088711
0.922822404150427
0.667820538082611
-0.16052529246913
0.0494749186169612
2.25848728994336
0.594780775643334
-0.47770919355785
-0.212671558387962
0.479368432230832
-0.296860761722357
0.234195176101752
0.799045125202021
-0.3484180495919
-0.975249436421321
1.69346339613883
0.399154768468838
-0.652323258151342
0.880233679864959
0.492512946213019
-0.00457235465647561
-1.95201073429902
1.03282491614373
-0.488889810206862
-0.563958115000673
2.454275090113
-0.218350899132258
0.828631440036979
0.39601768752486
0.643857197196999
-1.32713162884014
-0.457592211224911
-0.0520486808494817
0.72681283559431
1.82111432659687
-0.287573025561212
-0.0237657700872557
0.645391427876113
0.549428051200465
0.453054405176448
1.18982694968507
0.473642292209572
-1.10433221752681
-0.362793712793501
1.21093827768979
-0.30109363469354
-0.514587933032046
-1.39983837040301
1.26311930866309
0.0263426283201662
1.30146442088389
0.774842915363528
-0.0999521591107599
0.723515552461014
0.466853740609095
1.61938169472528
-0.203538290840269
-0.73519903891975
1.44232982848325
0.649629962875462
1.20340882834449
-0.582391390378819
1.23467051625012
0.281505650983095
0.875146005231763
1.98709767088271
-0.601428115306698
1.3049947838144
-2.4766491074005
2.09405715383109
-0.451256387760715
1.99756388334391
-0.517960659285382
1.72679486077331
0.786122148022665
-0.792431041754995
0.405481958588431
-0.820052718047286
1.06636832953716
1.67954182075387
1.30978685833788
2.06351379222348
0.0768322324747317
2.88654645252899
1.21758240753108
-0.450039530443536
0.459853833599365
-0.378536912596055
-0.236916624787129
-1.52470582082457
-0.769527988927946
0.287302279555603
-1.67873767861645
1.31982971855693
0.832902113293249
-0.471706575661005
0.497910283731314
0.764402161482752
0.0455996834787147
-0.251408565483419
2.15747404940876
1.07539532669897
0.977058982540907
0.213016856258156
-0.104078777103651
-0.529014507262348
1.49316704087776
0.856090902483721
1.71325037399833
-0.835347800926794
0.433165049478453
2.06315344390506
-0.420657131141348
0.867702416751509
-0.262503450532654
0.616869687588844
-0.401678437859797
0.473261908677342
0.693828559292506
-0.264735189054329
-1.12760716160744
1.47658940611439
-0.120228280202208
-0.85723993057354
0.484042864876917
0.223011809590426
-0.406702220431994
-1.72234893495832
0.82119630985636
-0.0774985625561228
0.696855914858249
-0.998768000819847
1.9847892412441
-1.46923506618325
1.75720575871412
-0.305731656981438
0.205691804845422
0.0996492354471358
-0.70115543979847
-0.0986319139591267
0.823157095634532
0.812735349324846
0.578136244132701
-1.94141207213047
0.146471561960149
-0.951885442821057
-0.357019025606926
-0.250370618730466
-0.816369863858731
0.896362599897121
-1.87161533232542
0.767860608367866
0.673764222970739
0.0266571824327795
-1.46316843951493
1.95777041690272
-0.0269210175600153
-0.159658634334693
0.0731768925191534
1.43637836877116
0.694348654072246
1.25236009683504
-0.452568116463882
-1.80720544530523
0.351156896384652
-0.709974919026871
0.317911618824367
-0.277474374289413
-0.135170202321211
-1.16329344433737
1.7481576862995
-0.420998502830165
0.700840661873599
3.25512159772622
-0.674799495664796
0.0518386315351251
-2.54737669410583
1.22028320194379
0.49458460976604
2.59328628311588
0.714832205097375
-0.162380589537109
-0.864613625150941
0.0455278171198621
1.3302017849675
-0.274061943163571
0.115259483291384
1.64045486101813
-0.515259859951384
0.907300032927977
0.813564198495602
-1.23932221504648
-0.848055524034082
2.07738748688385
0.755986062789761
1.30352682615583
1.44382585882522
-0.164738937160639
0.458267420175978
1.48155907005984
0.682770455396892
-0.972982021617208
-0.847760275865056
0.418747610626395
1.64100577471776
0.498651827223128
1.14284172939811
1.50498756117899
0.967855575609324
0.501264080490482
0.249748655887706
1.09447423548508
-0.230465897060859
0.476032297472998
-0.276468030494022
2.48213658944422
-0.343941488218919
0.491468930996999
1.16409928149679
2.17861008285873
0.428716333247456
-0.350134351673024
-0.177679356902788
-1.71161787655093
-1.44551482508946
0.811779041543729
-0.967127956469745
0.750582905310914
0.231392351690736
-1.07123997531464
-0.789262618440732
0.532029352404373
0.249496229701124
0.974030724623202
-1.36720390312806
0.471582401661339
1.87724305680936
-0.937339404078929
1.55325628343751
0.392899601327742
1.57171958270885
-1.12636988463673
0.217861105288944
1.80140774001729
1.7975781687172
-0.738871085694608
-0.660872608613725
-0.437493747558572
2.01593820675137
0.0287883261787421
0.256841325467148
0.765487245665912
0.54047216508509
1.28134864437085
-1.58696017513778
0.729618550449301
0.129333743459829
4.1041094497319
1.79813929548066
0.292837043183904
-1.51902571424289
1.55507243230313
-3.22786186113262
0.132624269690205
0.148627679088493
2.77770196780409
0.658191301740476
-0.745177202447961
0.726059940242056
-0.79721371143577
0.745416815265522
-0.882946537499262
1.095449323816
-0.294589150303947
-0.449628693473908
0.75701582909544
-0.000736484775192392
3.36660928917846
-1.72149181139249
-0.289880395434148
-0.159647819311608
0.368353342761657
-2.27706318336628
-1.86090511076345
-1.87398843146731
1.59864299700968
1.08101142018881
-1.21307192100644
-0.400350809873919
-1.39081421515339
1.59021265938175
0.681475312340175
-0.477378426540347
0.526267682464536
-0.997461930922728
1.69474940416853
2.46916987757624
-1.05448912431317
1.68174971857092
1.23319414133736
-0.276580561020372
-0.881150351828995
0.976169012524848
-0.78809746551822
-1.96115085590642
-0.794281644192546
-0.776408780760904
-0.934426267193063
1.10294647298231
1.53613369050501
0.0944631739336242
0.110655716160484
1.37600684492319
0.318118292086888
-0.598691750445067
1.79752174213582
0.517645710215943
-0.167714295865021
0.611474883513757
0.146573474981901
-0.607911150575242
0.0393502503468763
1.74890543626998
-0.682482769507637
0.384134861676976
2.57381656892583
2.64252562650743
0.901927078062179
0.561298212594903
1.02027055075591
-0.465339845118188
1.09557497159395
0.551156693897054
0.799019430293069
-0.738107375897188
-0.039279925780152
-0.597154098104822
0.421124236840212
-0.633020526608785
0.823307987537811
-1.3771247463068
-2.35680476221932
1.01736975103006
1.21001094922286
-0.431090298036866
-1.00950183317113
1.58396446561371
0.0777559409764532
1.24061841788178
0.585956657929173
-2.11638464446091
0.207591115960527
-1.17577592378727
0.670912738265999
-0.905087769825869
0.00654626641152584
0.814076169598083
1.27524232563162
-1.55664148712958
0.869766377880497
-0.39801016351093
-1.53309069457126
0.154973322626301
-2.75200136994205
-0.911851588328004
-0.446574582636643
-1.22095250539902
-1.13353113834273
-0.668011148007882
-0.617639842527707
-0.186114401023629
1.59359392438154
-0.41983179083146
-0.934343230106619
2.2190671769622
-2.04792619401866
2.22679977418813
0.913248189414091
0.70507492972518
0.0547782341781944
1.18037222238496
-1.12655379723206
0.114269470597757
-0.384220686362906
-0.0842241703410385
0.469118702112344
0.358758758486197
-1.48061802837627
0.643294972654837
-1.50659486750498
-0.544981119608081
0.540034053606832
-1.16218687148004
-2.2322217643026
-0.234939568520313
-0.204780717876082
0.227379889048405
0.878413064342188
1.07507077125684
-0.204054733495311
1.24781712221357
0.094972124181478
0.0981584167811047
1.3970379546107
0.49245985070633
1.66965008306088
0.936443080447873
1.36091137795954
0.951086950204268
2.64111922590705
0.241734554483867
-0.46783219889885
1.21574650744671
0.834869896149893
-1.61719819668318
0.429726288680228
0.624115159870913
-0.669428768624728
0.988649970180661
-1.48544987574888
-0.200604650834082
-0.513102979417437
-1.2255095219077
2.76561060527282
0.59452926280996
-2.89184831053429
1.287543674131
2.13533102196663
-1.61079621628932
0.707031718930695
-0.476196820305812
1.68911220629483
0.716495177134993
-1.77611773470866
-0.919795116870074
0.359683807862968
-0.386318908815319
0.520213859879955
2.04325090418133
2.22225482228717
0.404381753330949
-1.15948629240634
1.23830402167705
1.16613587787845
-0.592106930458107
-0.273933364897404
1.73940299212153
-0.155403605223052
0.961028893868513
1.66877165346729
-0.907122869963306
0.919436970710916
-2.50736103440355
0.220326974486999
0.47682920493795
1.86655702966022
0.0892589294661886
1.0170010691467
-2.20094423100135
-0.0605810914277691
0.0958691176383949
1.02987566430864
1.5550553038214
-1.33202377498592
0.280789155915299
-1.38593866211545
2.2527570067559
1.36329965270965
0.604541840488917
1.29433079637275
1.97991386591369
-0.614734134557406
0.599298629141505
0.217067470477272
1.79350093566654
-0.898177361681746
-2.72084002632528
1.82457066297642
-0.788209200920984
-0.238803210297688
1.15602407827996
0.479895722043703
-1.1272722248718
2.90499571201626
0.0562961836217374
-0.116128998062723
1.45455227664534
0.524190573981999
0.958637934987371
-0.480351335572285
-3.1808921144476
2.04375607851714
0.231116417861162
0.667130884057534
-0.473075380660645
0.360824853822458
-1.74539178004055
-0.57791295189468
0.223178866599167
-1.05622699709734
-0.339089684811121
-0.32481652808494
-1.37400287129066
0.347812322918205
0.148180673602621
-0.0660260770266786
2.00404032955174
-2.19713936202557
0.140609452243469
1.71961037262584
-0.117966546929991
1.19854188113139
1.87559402512507
-0.386181425010088
-0.344907666401339
0.894095798180704
0.436164467963826
0.00765752393502805
1.15417056157976
-0.2809248443111
0.334562617977603
-0.336234090187113
0.612454684048933
-2.62165081848015
-1.06833853924585
-0.597592718346892
-0.790872248489659
-0.240082977954302
0.340833169399919
-0.31130942050556
-2.43746816442446
2.26767989518176
1.45863720584046
0.329213789631742
-1.19710434993919
2.56887264763112
0.133954191260885
2.02205381182965
0.523839555472422
-0.0244949602403282
0.680707840594815
-0.981122335549137
1.50460321375163
-0.404806108412783
1.92353847287549
0.604665972043672
0.444335060120911
0.211638576638847
2.58807074851419
0.406871385498252
2.28773799261984
-0.0392804570308866
0.954234819227037
-1.23368106314617
0.0115528759611408
0.730836086161504
0.139167031719899
0.291965240655275
0.532328090200408
0.602407598894655
-1.22341497117903
-1.13846979400209
-0.114304067083455
-0.57180558481449
0.566659766718186
0.298778820701382
3.40424953663308
0.191690998862321
-0.481221718198962
0.960112062275627
-0.921881307453493
1.47318946598573
-0.354213061399877
2.55267444810914
0.138357464437218
1.42989893899016
-1.65385925777593
1.05741936862941
-2.83894572139635
-0.00600519012630557
0.351460087982068
-0.542860198545479
0.638600080843741
2.17204536129828
0.600408669467145
-0.992060780431138
0.600264062549412
1.39760440802632
0.463863973931728
-0.287411461870409
0.357061784571489
-0.528441838353657
3.72388102130078
0.563001915625622
1.16621081199706
0.60766697954626
-0.653199813184997
-0.121033598128309
-2.63405238653897
1.1426642270832
1.46479279317476
0.376272501986639
-1.0833857131684
0.0657584797207973
0.174173824944517
-0.58013168792395
0.393938556686288
-0.115844666095994
0.407917101519279
-0.157950542521043
