0.494573334449868
0.998341508510288
-0.369724731748897
-1.65441139794919
-0.797598527564636
0.231030304432655
1.81681735808405
-1.20939446303971
1.06118800303031
-0.182177597904319
1.01581510320701
0.413058556834192
-0.527456366238801
0.146430768756818
-0.0778506358786092
0.199163220555621
-1.55197994175614
0.423381534402714
0.68414433093262
1.87834128328797
-1.34687923253262
-1.62318700688209
-0.623413027930495
-0.655332162829179
-0.130982154751094
1.83186625337554
-0.311733067032818
-1.19136410744476
-0.106183469512069
-0.70763219808035
-1.18933205928035
-0.389630170975982
1.39302482869864
0.972967889570632
1.2057061705163
-0.523362650765175
0.69626652135701
-0.262931473266732
0.775077014756987
-0.827093383021476
-0.776164557779574
-2.52978790461029
-0.316204145475401
2.06543403349456
-0.378616117551439
0.00449041761450442
0.022569457239427
0.63662141464241
-1.31268175367508
-0.218880886278362
1.6466904563965
0.27776822742306
-0.235154152612705
-1.78785607308484
-0.598439470051355
-0.299192419595965
0.257259798894815
-0.0445452136543359
1.91607651390966
2.09243278897699
0.055471531712197
-0.554796724149836
0.174404514486972
0.595088957879392
1.14146210444808
-2.05008847363456
0.258888902629896
1.2189651218523
0.298536269617703
-0.962764293083074
1.05065652869981
0.0391126943673071
0.289179433957366
-0.801986509801387
0.0186516321598642
0.793083216061475
1.32288949655319
1.14340895321181
-0.877407820837116
0.0377588490633073
-0.125127317738527
-0.681149167293009
0.646838341566194
0.586684198492198
0.0444979466499901
0.711291473138931
1.54684391129216
-0.495308401587827
-0.925355155845006
0.915154262604655
-0.296678199524875
-0.61777661496119
-0.152701682116707
1.72201461664916
0.406273068476498
1.19123643405841
0.818018762253298
-0.257852833149578
-0.525822109208894
1.94165015592154
-1.27138859560492
-0.262340951556804
0.863940296436034
-0.422093713708478
-0.758794281682006
0.728143256161654
1.58149197971177
1.81015282579173
-0.124362243119064
0.771101055493221
-0.427735391866254
-0.250416372270842
0.502755937393331
0.460659253217331
1.30226198677078
1.27594267273007
0.398580596870162
-0.0581630423550461
-0.103089393623839
1.48319369127688
2.50351016811062
2.09974089766588
2.53225169064107
1.88476542702442
1.38233193280083
-2.20520653617582
0.393705850639106
0.906405141321158
-2.27707967254028
0.63695276077797
-0.632421818539476
1.47743262428181
-0.718083884051896
0.445291287353867
1.32809861206107
0.0756370216920977
-1.15876352382805
-1.49424212323941
0.264098127044284
-0.269199274703689
-0.015494499309227
2.09774841562027
1.4091583401344
1.04302268718271
0.477612002026667
-0.872435400544127
2.26904827250296
0.185324312237635
0.910622402918723
-1.08569825386607
0.900793292967324
-0.716598238441547
0.745924343214609
1.18603546987147
1.61285842911
0.531032849713876
1.76267914115352
-0.284623794967318
1.63428194690297
0.268285378877244
-1.41332039545295
2.22781733942166
-2.26949611685183
0.308596002365959
-0.669871767545732
-0.0115386565326234
0.96028467199637
3.02027925798176
1.20001713106287
-0.978130547311333
0.453524570063447
0.306144963491028
2.5920879367367
-0.675286465701148
0.554349205687278
0.270216637338647
2.14660782864434
-2.41731833594299
2.11428515632984
0.469032422482342
0.225141896998632
-0.556436936417236
-1.64703499337803
1.00119704925484
-0.0334206835162394
-2.3088237074046
-0.578750177732744
0.616568457151261
0.285788982961901
-0.454041304019075
0.135597744584863
0.552561575396132
0.930439403325616
-0.101614977540865
0.648960907589808
-0.509008015487395
-1.52878390294158
0.297962010819457
0.415529037747867
1.48600646732937
1.5794041962457
1.34947162511019
-0.100578839824763
-0.468781617443768
0.115206801591095
0.612262833143327
-1.13424597135846
0.619509979956704
0.128691095106779
-0.970219321572894
-1.86088483811403
-0.0117336389842151
-1.50798262610934
-0.0645050074995267
1.07814158136877
-1.54350892344089
1.10893045639641
0.399531097644051
-1.04771715090718
0.18862855823913
0.561862111450843
0.321429210978276
-0.123744664250666
0.188405510249271
4.3893889606047
0.525334804166182
0.506799876998778
1.94438765431469
0.913910606578462
2.4825398454782
-0.627532842583644
0.253590326987999
0.954539025969142
-0.447807133405321
0.0673693619542046
0.199078707887284
1.43139233074043
-0.807412744949504
0.793658615231345
0.115272366948355
-0.39223223358326
0.0868782912072058
-0.457205527071133
1.19375309669529
-0.809406526047662
-1.48238150528728
1.39753676320665
1.60695474334044
0.0977590223654188
2.32041731948926
1.56151955598328
-0.919680142095742
2.88247802846985
1.3824082079747
1.17372435750558
0.829067917735066
1.12755654243788
-1.4436820873508
1.54316898865057
0.68219945091686
-1.886713378266
0.358481326485203
1.67350177865286
0.795234743847598
-1.1578708733517
0.0286438169077112
1.08464124686487
0.762161513626545
0.967093531579093
-1.82476810681005
1.05620276968712
-0.845090914483233
0.892866250657846
-0.230637797084632
-0.507039393935464
0.100080097654136
2.93831034434155
0.194536337730677
1.24265482082311
0.726579251058301
1.25090192071694
0.514094655261113
-1.06065007561865
0.62836089774307
1.69266744317212
0.689398531989041
-1.02513298561518
0.552890871657049
1.59699848917732
1.54141691801432
-1.29199540023043
3.59336199924605
-0.148020857938407
0.147410477736535
-0.0487448685535672
-0.79246064060074
-0.773042018629793
-1.6118386246898
1.37551284402292
1.31933986643779
2.83143248884901
-0.679634265733993
1.48053121099308
0.947118663981135
1.65612066308046
0.226263938081731
1.54845245829506
0.916652914776524
-0.299334473563618
-1.19968776883484
-0.317919802999397
-0.30061563399032
-1.43899656617409
-0.0585316612671115
0.355590288176032
3.02715735168654
1.78908953629283
0.240701311275492
-1.12840209360926
-1.14575796488722
-1.32971493962607
-0.827372741084528
1.03485585736519
0.92838497147381
0.0980759035441192
-2.31382825024559
-0.370434668705475
0.524692054035609
0.610553515771876
-0.0468400796282517
-0.0781937551064606
0.481620283275648
-0.992516121808079
-0.625253899295949
-0.651393938626773
1.07918231559815
-1.64231174257908
-0.385415745232138
-0.536538390441418
0.690908809335612
-0.519578150425325
2.17160911554861
0.966363811475113
0.39758591784559
-0.826181123201384
0.560015011452296
-0.476269803803351
2.51224606100381
2.88158899616102
-2.43639922512304
1.12036732332803
-0.111878410963561
0.0341295502052346
-1.43169200220889
-0.495407223070214
1.06748956495632
1.10684357717151
-0.0322040232023966
1.35673782237759
-0.263183758032994
-0.0112252880732264
-0.242188645441072
0.675424801560602
-0.0357464567752096
0.296407975574897
0.42349477299319
0.476365353465305
1.83285532126402
0.806686573118884
0.286503966598087
-1.94918909219945
-0.506271505116117
0.173545447017501
-0.615128212664882
-1.36356057720015
-0.25381071982772
0.677694532506699
-1.37887250493033
-2.44410947692991
1.17415735379338
-0.246012400573595
0.810874762839167
0.607857658123107
-0.150498741946422
-0.807596411148108
-0.658404682968449
0.867929857343513
0.468518410227828
2.0699713489825
0.442017974880755
-0.327446253054216
0.104489060431974
0.408982123155943
0.307180568082939
0.466747188911208
0.485318529829205
-0.0722042546594281
1.02572547525264
-0.210230632193649
-0.337044495015618
-0.0695246639415915
-1.19788700048078
0.96347152014758
-0.278682519782303
-0.73330085902143
0.732928730058071
-0.636136219242944
0.677488222546495
0.00581146630666304
-0.329650254932475
-0.602614526109351
1.11810237904721
-1.36187456873455
0.144638826419643
-0.275653300375912
0.744884418699076
1.73588129522466
1.47083554514896
-0.963279856769042
-1.52902974770363
-1.7965764831782
0.576403078213174
0.640091580727137
-0.415915350123045
1.21769844191911
1.55947087492431
-0.643904458777579
-1.47604907762194
0.668055346117901
-1.50505250275041
-2.35304701207822
-1.75430227860832
1.50943611575876
-0.253002013385331
-0.620310063537147
-0.294251578267449
-0.997538111802033
-1.93818236854264
-0.144573633767523
0.115755535878346
-1.8314255223943
2.20963583553919
-0.448944051499502
0.41871173415448
1.46777195429442
0.642505955617723
-0.00589239109017031
-1.2642999650885
-0.0903798577818475
1.98233293317843
0.178838491429708
1.4189849398771
1.57810262711196
-0.54858569338441
1.27964610123693
-0.273355597699353
0.934572719692723
0.617895662136534
2.58645527229633
-1.25903641927968
1.21708017134226
0.582685215425752
-1.50971584900764
1.42568172351851
0.963959119754325
0.677819458252724
0.292512249324065
0.226805159180943
1.33587699178976
2.30879449485903
1.50863570343953
-0.451098091246285
0.542357182611837
0.488896643595956
-0.264223848565853
0.181613327397454
0.0698348415929236
0.0468989284334607
-0.192241030283981
-0.903038146951876
0.168595616375662
0.227500212786484
0.549709927144211
-0.60552824443623
2.90279624599063
-0.0958246724600222
0.0550694503831538
0.506514532605275
-0.546776806281527
2.13309918432283
-0.0902943833509245
-1.30714659848492
-1.47399926538001
-0.11393359645556
1.57032200662027
0.789884615315019
2.19200357138952
0.388952042206297
0.454792807206368
0.291622046456119
1.47605448753034
1.44003533934906
1.05912339160009
1.33514802983254
-1.12737011871133
-0.68370079803437
-0.887217453378057
1.05366481079866
1.32443861922163
0.422146929623479
0.250903780698312
3.14913573021612
3.31613405116121
0.624170594317001
0.500359808503443
0.245962244436907
-3.58525411604403
0.483771601784022
1.44119807284986
0.435518764148064
0.1591105387842
-0.00255383194044401
-0.619208333962751
0.845137846783321
0.0758445787953688
0.668202319071368
0.553527239829128
0.344565859148738
1.2821790269469
0.559568397205968
0.916561096898025
2.00318277958404
-0.0695218398972894
0.380505779542405
-0.146158610154673
-0.608643981115462
-0.357160467224966
-2.8928853073855
1.26576726175482
-0.793328738717375
0.307870749879709
-1.44913481056692
0.582622466010585
-1.06588215622251
-0.715732649245554
1.99572125248386
-0.115918780264929
-0.300593042472622
-1.10103409293749
1.47050763386015
1.67205440278267
0.377475877960172
1.8000758995335
0.549423494744894
1.64511833930046
0.408928953097387
1.14306360468464
1.30859138224602
-0.711153229132682
-1.07033731253277
2.87463080176508
0.566969192396022
-0.0928546218948193
0.996108209599307
-1.13549765519934
0.771295552527297
1.69302158878724
-0.58008492067053
-0.427229365727468
-0.407874929622215
-0.519050208862457
-1.36707991916918
0.854103111342039
-0.946766455488249
0.0944838221843874
2.05324770637494
0.795573773706733
1.29241104292418
-0.437896605494044
-0.938420343659789
2.37979181099963
1.11098064799678
0.963058617450636
-0.539489604285075
-3.92646044506012
-0.649215767716912
1.29010637630287
1.47504132770983
0.0485430817719235
0.315403936311147
1.34829018029356
-1.0298784200791
-0.949868537044941
2.40719146059747
-0.86514863132578
-0.425275418583604
0.07483056365333
-0.497740220606182
-1.11309130227402
0.0994854809222683
-0.477432341304805
0.508301900983492
0.0645467284062072
-0.277911185896026
-0.151779338352286
0.899335148713416
-0.460871131196983
0.121751804932992
-0.672854695135699
-0.155270410201636
0.00429435789588617
-1.84811526175026
0.338367724967443
-0.683353342350711
0.955457084457662
0.924377237357795
-0.11815756601671
1.88447487600013
2.7663036906509
-0.467955767295004
-0.655531414988664
1.05947353657886
2.05781360510865
1.78433720602986
2.61071001995832
-0.465199710801691
0.659305624191314
1.44795365534165
2.58028486483771
0.0839270262897411
0.263326186174607
0.538352326459749
-0.190043951277666
1.01160528733696
0.119213078348241
-2.23620019392989
-0.776487976523338
0.0511794096292225
-0.271182006738466
-1.18343959733512
0.125557564940933
-0.554152923364172
1.24968678772961
1.67482244251497
-0.464598062369563
0.787417560504858
1.88039892178736
0.705432752836946
-0.102685045713176
2.70113444335634
-1.25182085611498
-0.414071086662236
1.6606230699114
2.09633008597132
0.650922731934744
2.02883897720591
-0.767844676969636
0.57275357762077
-0.696408628380906
0.549665976311772
1.84054708397006
0.497167539118957
-1.52204973820294
-1.85545098941084
-0.632447132773908
-1.09140385175701
1.3409404074476
0.100941510341704
0.433622994520733
0.828730215967358
-0.186475986660768
1.745591557089
-1.23991503565152
1.03373654701411
1.39257870460731
-1.26039827910835
1.31393979660727
-0.833375236052222
-0.212129467568545
-0.276031699488649
2.1637693527744
-1.02675615023157
-0.219798377470749
-0.59457188461289
1.62558645739189
-0.841032643311477
0.271736115296072
-0.424254052602258
-0.136383083734592
0.138975533107773
0.9936089259518
0.822441935221567
1.21980981790447
1.97210169610928
-0.540290235913245
1.45548055236713
-0.949011584132548
0.328058015156902
1.86032656315308
0.799532703499079
-0.694615446693713
-1.15777676965
-1.43677849763792
-1.49961475740491
1.74235437632445
-1.07496207182659
2.53618788098648
0.808194459747321
-0.18914811389219
0.55926311005137
0.716115516868933
0.910927021872455
-3.28949007053071
1.74868573916739
0.659668090901233
0.181351749002693
-1.52687669745044
-1.04006163369753
-0.149478756695664
1.91077267038242
-1.86537165735657
-0.568082909691109
0.463921366369062
0.186770501108378
-0.273147536710586
0.730548702649132
0.348226725151112
0.792828755789995
1.00719944383459
-1.31007266418582
-1.33787827040244
-1.63027869809646
-0.198249651681667
-1.32840296191577
2.29821249628837
0.479029473288056
2.39752920757245
0.645448457398794
-0.924500959196576
0.990767183326244
0.733823964377202
-1.23574006729202
0.262234333137896
0.272449810565285
-0.0417855862394147
0.729082722107947
0.589378548197246
1.70631671835704
-0.726778579375946
0.681958299657026
0.60699536017499
0.167082716444609
-0.797571132494459
1.39217544031573
1.27987701114686
1.49282782699449
-1.81912415857248
1.83668588193127
2.26348055827691
-1.45033757145321
0.281501578988028
0.828428843722244
-0.491578207152347
1.56416209874603
-0.165330151511885
0.180766804932432
0.796987350190467
2.39939534865471
0.817216918263314
-0.0605168811559979
-1.3100124264235
2.51433050819177
1.92978094380736
-0.785989730572462
0.921010313714311
0.0661223487512683
1.12496456908532
-0.567561332299455
0.010031322406756
0.714345281203005
0.960636247946958
2.99174656400041
2.35265104213251
0.20110120680129
-0.816941321478649
2.09200918843133
0.425630980839486
1.67946606387921
-0.857105873070961
0.0646660936408129
1.27912013028798
1.0481672303076
-1.26750442357451
0.498575831237697
-0.717310641478618
1.69046550909544
1.34439916482605
-0.574829815037216
-1.54422637475151
-1.03248039418959
-0.517448361434397
-1.20636730065559
-1.89734846912178
0.753502302242007
-1.52105828025574
0.820594834248924
-0.252974461285834
0.012980596832097
-0.938579542796494
0.404515677131212
0.761765074668747
1.50197272003662
-0.548763355270547
-0.901083804061269
0.50396197395135
0.698437986867141
-1.44133975097863
1.05781208464532
1.97030478613705
-0.645169885381352
-0.874410230019791
0.775370416772728
-0.90245115628067
-0.311007019975449
-1.12389712375996
-1.53319926873439
-1.88594800104689
0.753187544122927
0.0568568240403556
1.86326307213178
-0.320470233576657
-1.91805936434444
1.49378625761978
0.901250658066387
1.39174882833515
-0.837466257466707
-0.398958663878332
-1.13675043068272
-0.25125848033814
0.73382171594599
-0.3766987685976
-0.409859475845739
1.42659788087532
0.26196348568382
2.20385496607325
-0.829886348081812
0.568920135162577
-2.55261403814576
-1.6095734430626
0.991201319843571
-0.560919327280127
-1.76523110704376
-0.883818736454658
0.509616013809865
-0.858240244962211
0.319819973586128
0.898401960881222
-0.720680953323219
-0.0317667026601393
0.587258968772597
-0.205783673219521
-2.26298709330527
-1.87028103626319
1.47112696370935
0.948802916782162
1.37450837458784
-0.584692616416296
-0.491738876654871
0.422804014071273
-0.741268595699248
0.0895563833028249
1.00577217947445
1.92587062573182
2.05196723076468
0.813226592302777
-0.130056414516643
-1.35069048704708
-0.381508588877003
1.19987205561415
1.79057859901423
-1.15467263058064
0.971813181710572
0.00133886688800144
0.61489025864501
-0.094963961785866
2.30898935660903
-0.0322282218843049
0.271264862111671
-0.120612437771075
1.00180195647831
-0.521917585622612
0.0638249994535913
-1.9969213265469
-0.602718408378486
1.39086621121314
1.64765182313423
0.988574633805887
0.585411136074758
0.953052762124167
-1.37725971207522
2.15318286737768
-1.84866286024716
1.39774322391332
1.33809395540016
0.0218363606107679
3.01001139918429
-0.443820348806443
0.654150329963701
-1.43585583659079
-0.0986378191929477
1.15566551257213
0.149654436329202
3.5615581982808
0.909992558953025
2.0877745164312
-0.834536939915019
0.129399282532023
-0.711286113332938
-0.794094404667608
1.14771577533023
-0.0912144637943616
1.26901249019551
0.459058262939429
-1.21762333479857
0.153022963815093
-1.17405877900232
0.426619133181161
-0.308111031821504
0.307856996585404
0.425585082236437
2.03767939363331
-0.829410210696825
2.39720347002557
0.284278591460268
0.0967479462829768
-0.93056524918127
0.784043690129775
0.388434324423804
-0.651803287243747
-0.0810553660565104
-1.46411571903437
-1.05261861535604
-1.26082642875437
0.156458430861841
1.66886450244734
-0.114460710171196
0.431311746104381
-1.0072991413493
1.65592541170945
0.0837922802240754
-0.591171992204213
2.72940896731872
0.668638527450488
2.12586923548551
0.836475313825488
1.11327823315431
0.410012517510697
-0.832566799025185
-1.47778727372803
-1.0375257889219
0.0931956866870257
-2.41126769875423
-0.0417604195024822
0.310386056116996
1.31066221528005
0.523837615337411
1.0637014862154
-0.0208932997970822
0.746277603497841
-0.235290540531037
0.654416411797884
-0.988226198293381
1.1416197119853
-1.54743432002778
2.67072205289137
-1.10765665626477
-0.51830392033438
-0.180626170536933
-0.430859836616909
-1.60410081807312
0.47769753147649
0.308781594038032
1.72145042197183
0.825890943935078
1.42690072948326
-0.530578567930337
0.0793422063984039
2.07656639614572
1.21250703042388
-0.150378190281626
0.414820244229236
-0.685333170441739
-1.12235616477193
0.514735489674008
0.230999159510126
-0.152468569899892
1.63591398364848
-0.364817138763394
-0.0400093119952692
-1.14735083069584
3.63525415525176
-0.320427209787753
-1.5159163173053
-1.13827615534781
-1.33861850706162
1.19068071694363
3.73834027649955
0.529344518415057
0.290256667134129
1.39793412844681
-0.316524408109176
-1.51604049614966
0.907890613309065
-0.415868348880495
-0.32526501510437
-0.259508638457766
-1.24448233265279
3.01709246999138
1.8922887067877
-0.139928579507913
-2.36247156341801
-0.11382728384591
0.211109153669017
-1.52780312590749
-0.820747474334931
0.00825652262652382
-1.21213311132321
1.66001914230871
0.874034567445878
-0.602651487885707
0.796386549243224
1.22351705722143
0.177011906630802
-1.18361692992278
-1.58837690648932
-0.848028915152241
0.723344277033432
0.322555117466882
1.4207297297683
-0.701744677885377
0.37238129831204
1.06963695728822
0.322784892736229
0.705948310607577
1.24054111999908
0.859147077799205
0.572485592424301
0.812130874064601
-0.200391817841191
0.51203379820004
1.10660538492939
-0.123045865959896
0.27438946420585
-0.574129170381342
0.730498318378033
1.15396294828703
1.6114622347584
0.900863886215838
-0.951167059144957
2.32216319675833
-3.90468993843179
-0.416794260764077
-1.15619343668843
1.52429180425179
1.11379625592262
1.39977494515774
-1.26816523990249
1.06000241056955
1.07929006846693
1.54251681514817
1.21251048644549
2.05992644577586
1.29184378473621
-0.817649212391135
1.12472884855918
0.0578096448944164
-1.47711773529368
0.851828638278304
0.342412355603304
1.20315033170554
0.740366007111668
-0.17568657844958
-1.31689267624828
0.0670760564934225
0.455311674809744
0.148492113051423
0.201582799270382
0.242721408064906
0.11452930404106
1.72550785098382
-0.236345075964167
0.422262585481453
0.13242494342943
-1.67643744612849
-0.0651751741692019
0.014864536404277
2.74930314957153
-1.71995963280504
-0.36245656666923
-0.145068810171012
0.0627201399273154
0.422139134823526
2.19393615437246
1.06899436524918
-0.174926093028983
-0.0214509955529644
-2.37357106578557
3.19160892107819
-0.344781230901742
2.18912648524125
-0.746775479914227
1.63356457424595
0.56469198416248
-0.689477304603524
1.32734844248754
2.95610628971942
1.89317304280715
-2.00996345901152
-0.377594564535669
0.143292116577212
0.039007198341427
-1.02142058019517
1.23141687318134
0.98128719921173
-0.859030937495755
0.794109825313681
-1.32472400588386
-2.78417991848776
-0.912182021546186
2.38115320920191
-1.67095952878362
-1.0029433889484
0.927166031926258
0.205526158354296
1.5199014459456
-0.737171677338841
0.81059318338337
-2.63831330052103
-0.953566970572962
0.596143171918209
-0.225840796675764
1.90197073520295
3.90960657622895
-3.00529155357429
-0.120226047436397
1.88244865927187
0.104473826683467
-0.242173134868506
-0.69211523175273
0.00983599289759407
-1.74414185787438
0.792525795999578
0.452194192279683
-0.596581724515753
0.919404156178753
-1.43412801670306
1.70244827289988
2.06384664183321
1.31660837738085
1.4090121659769
1.77338682392436
-1.34508575800763
-0.429862035414175
0.320747264171187
-0.256714867816687
-2.2415820323688
-0.0925169190101171
0.97092556249571
-1.54731365262824
1.11074248039285
-0.780626584199373
2.00304004442707
-0.310839648303165
-0.411303172347374
-1.35868433346229
0.0251136868674083
1.03276318157421
1.34756307282297
0.141393333170407
0.191643320132739
0.278762787246997
1.15271789980713
0.695821750375544
0.819781471677936
0.138981521621579
0.87648710984325
0.205772572771868
-0.994913026427337
-0.843695526232991
-0.595515991918859
-0.473758325972504
-1.0965564219765
-0.497119066634545
1.09443493232656
0.0790895687504631
0.0671605213136729
-0.583582263861558
0.153037094347697
-0.256347397421449
0.484927601722384
1.68631394890104
-0.752482881245501
1.55330631931728
0.0770987523684914
0.605033151589939
-1.47803597516103
1.26120472604935
3.5096433514426
-2.05275420143747
-0.655679070795724
-1.42258043796938
-0.314836173473588
0.6784163113117
-0.326514492439726
1.59894798736669
1.94868459659828
-1.26743735724697
0.41321331884528
-0.382034774948322
2.19807024886925
-0.585553666598913
0.613219231858393
2.54507073679069
0.920711067221168
0.491819553188223
1.09768429104509
1.54170804050802
-1.12970303082187
0.602631435104603
0.556079269153234
0.95929560418541
-0.710755480014814
1.67477174744446
1.48938656755344
0.52307957951092
0.783086180521048
0.0301266937072328
0.17741863645496
-1.02016648095753
-0.588547909055459
0.974672270139614
-1.86029749067586
1.06667733744723
1.52275024353541
0.5251346434907
-1.87605301089415
-0.765798497080872
-0.125534265106207
2.30967591608924
-1.68384335761168
-0.929644576015845
-0.668814630225467
-2.50826562028192
1.85045130181907
-1.28085612620361
-1.51525435039984
1.86822286808485
-2.31407629724613
0.501259719700329
0.535230207513386
0.326312327356675
3.06225699955024
0.904079063865414
0.8457897771267
-1.76056552070919
0.0805526956722724
0.472837963672614
0.150751406016974
0.329991146566272
-0.346933637605175
-1.14346454014398
1.58285476634133
0.112011781376697
2.19223091951464
0.198691394479006
-1.43606125188468
-0.300655305483396
-0.647037618111445
-0.947592035174478
0.498918694433557
0.764723319668408
0.882436333282447
0.454792667249167
0.553631048146935
-1.98364389368837
-0.701832379581264
1.26003875707025
0.0566450882095342
-0.235106795540057
0.10941982306869
-1.3043268151275
-0.137533057415839
-1.74031283164595
-0.716807719587283
2.15732578902713
1.08601434960403
-1.07303175334767
2.43422433899916
-0.526516211416551
-0.159527350258359
0.227245364239874
0.0901100088504719
1.06834456006897
-1.13278171906423
0.102989859677028
0.369917324893378
-0.199600845939051
1.16967772835624
2.57045371669964
0.960432053681672
-0.913712299223742
2.40231405445886
0.502870470929609
1.36673791183105
-0.161919804134678
-0.643065156498284
0.84349164948158
0.603750970916772
0.643956206942027
-1.0741781008404
1.01141042440448
-1.49059602288513
2.74694732799446
-0.422640282983439
1.01303021462422
-0.192484434766552
0.407364667727665
-0.707169702727407
-1.14674671777004
-0.2756551775579
-0.751431290920676
-0.708134356520673
-1.68924511207827
-2.2813794843519
2.95966959546242
-0.666623636574825
0.980582265670986
1.6532119419236
0.59973582719954
-0.553997779762024
0.506878617017982
0.0652277234331411
0.130817656815802
-0.409743350972846
0.588428060252618
3.79862850913983
2.90764974325734
1.18762207116695
-0.505230039951184
0.868644934150633
1.95930666556725
1.22644234265413
1.79556965724344
0.182729899778968
-1.73356191159704
-1.30732662045184
0.998678459960442
2.27187976071751
-1.37626969692182
0.303876723586418
0.678214087237756
0.534641957867178
1.18059318418938
0.0337936158392376
1.245404164099
-1.41632566321334
0.228131980110545
0.530926114764284
-0.724177765887396
0.183921849017146
0.69203246847952
-1.86487007798046
0.353239776206686
0.636885681673233
0.0818095736793533
-0.786791242424346
1.61211463285397
0.192519078279739
0.883788816578481
1.81116461777567
-0.494543083222605
3.86124489134049
0.383340792996329
1.59630691090517
0.27362167781461
0.0941412179098773
1.05716807257385
2.42742380483174
-0.983163783472066
-2.1721487749718
0.398147388447729
-0.0721518259179034
0.899223672329888
-2.39985623137961
-0.72496500484955
-0.21642300097262
-0.000861270793435565
1.37249106199366
1.63773909938113
0.297955444549012
0.465290177474119
3.72501660069824
0.827332527984935
-0.958843213038777
0.732775507873143
1.34369281559703
-1.68138739929161
-0.872409055986707
1.30117593882929
1.79665652017047
-0.0799257358232757
1.71464109683609
-1.08226142920141
0.26551788239074
0.131765248269239
-0.0540730096126862
-0.542726664923928
0.770016076029476
-1.69825597396339
-0.616982634886645
-0.239501254236554
1.21145093188033
-0.752748868498715
1.2396986028751
2.42724234037918
-0.713881346806044
-0.307733958408628
-1.00926209607681
0.706544279073576
-0.105216995381919
1.21716846927388
-1.9234395122244
-0.026183485993993
-0.00977198322876176
-0.648802261572768
-2.42341833160705
-1.45135224990255
1.41362528395423
0.640735833850273
0.546919728452952
0.273550097321547
-0.596663691937185
1.21195565413312
0.69896391265149
-0.969173966607734
1.50999892613817
0.192598053563001
1.80447671642683
0.577139722650132
1.42325506515091
-0.0154620745748081
0.338606857907706
0.81235186779533
0.830774662639142
1.20770621601205
-1.42660768800605
-0.212504708553978
-0.522829282662044
0.262212189653912
2.3382337033978
-0.489706577395813
-0.564777973994494
-1.29673010164482
0.641359188578405
0.286924435145089
-0.160370939431429
0.656934815550696
-1.76125914883515
-0.303711709294169
2.31163241900392
1.1084120213991
0.935728518396485
0.691654136591959
1.24976255324964
0.569142835006158
2.79214715613739
0.464910472317861
0.589494754993609
-0.559402467117919
0.41944040174341
-0.426982227970497
2.47648148542932
-0.211040606685262
1.48282531636633
-0.233646311947517
0.956109748791859
0.232572086826952
1.44693450627214
3.02052872792908
0.158401822029269
0.818763341648202
0.416570022668694
-1.44956901549716
0.438528039815058
0.802980472657057
2.54417244935083
-0.595466611055584
0.822593936998176
2.01668613887585
-0.653799166011803
0.909595538029473
-0.182285409021873
-0.865735525840503
1.68493971682559
-3.69115840008334
-0.504173348550859
-0.205303192694763
2.22382276009764
-0.112391268395878
0.0914072243439339
0.806288942825134
-1.56817644811422
-1.12495487630011
-0.537937824755911
0.358372311049219
-0.72290488470838
-0.22440980499648
1.2012193001823
0.166219993505109
-0.295912154806186
0.339082943148731
-1.48174643592241
0.292505486921654
3.10894774551036
1.09110505211805
-0.758247002173423
-1.52068173945784
-0.626150895252636
0.0764215003623048
0.600525058335578
0.51655349719876
-0.474303972891396
0.656189049385831
0.0822029268021444
0.354346937006912
-0.833965913800142
0.379296441514501
0.338872539609035
0.944363289024732
-1.01257868534801
0.797340825809389
-0.276148956868472
-0.700376028279604
0.115275078563292
-0.987844674802977
-1.47356390873243
0.0223066130327667
0.886570175419675
0.154148795586556
0.800178596777017
0.723193923768512
0.616422206910665
2.19768972655206
1.34012117873556
2.14860446652885
1.70811368577706
0.488064533661713
-0.151019601549338
-2.81796027577942
-1.23490767512438
-2.26444680354828
-0.996536108343982
0.493218809620632
-0.698705238197349
-0.301278449526289
-0.743978893249173
-1.5885918209022
0.189866594637312
-0.50009417799548
-0.382546835643238
-0.203825235695419
2.51686236966431
0.167062243772536
1.08785736928542
1.13715801987447
-0.850782908537045
0.101052082358663
-0.479434881403617
0.546716929334842
-0.152777464874308
0.31565981849904
0.112035487660145
-0.589291846469246
0.22708825335525
0.572864666096208
0.444024429614349
2.89709224862034
-0.749809040713906
1.62733878509678
-0.0365727865642249
1.16584837873819
-0.7172272896635
-1.32722029456406
-0.957703758585462
0.245617258563796
-2.80449830381233
0.853367396393977
-0.512142355208849
-0.733205440904294
1.02738699269106
-0.635723619922777
0.921891359870704
-0.519341130967694
3.55010007953743
0.679419634477212
-1.21875581004443
-0.42971187620765
-0.0661330285305624
1.20795058258704
-0.612991490977296
0.0552271228760524
-2.76222754212769
-0.577593022807222
1.25716747364571
1.48390577523779
0.533807960122155
-0.40730199664679
0.816940141406779
0.624352859892726
0.466723990042633
-0.823432472375118
-0.376955783033843
0.345263268729305
2.54924341970206
-0.474835474516005
1.19351737986776
0.112655155034872
0.669318467273049
-1.10947579910564
0.705637991956215
-1.34681281671123
1.89999820602853
-0.587118528834593
-1.33882369733688
0.510406121086739
1.28329013349373
-0.77621513135509
-0.759013163846556
-0.507914102571489
-0.19489632098398
0.517916166290262
1.18958083905403
-0.717342834076428
2.22126071418635
1.62297020836491
0.284346676306739
0.41316337604881
-0.484283787960931
-1.59233289890703
0.313473078988471
0.396280854563998
0.831096469942809
2.33781641466098
1.17323776670212
0.197819409366843
0.131370025607677
1.57045177227205
0.0300927433598023
0.295191419149736
1.84123496879449
-0.312653582343113
0.307861973010266
1.42292123460996
0.465976843427476
-0.0490246638787906
-0.754989221083617
0.662932386194499
-0.218671618279505
1.62228503657326
1.43628558435081
-0.537180987445107
0.861448701069838
-1.09175354795334
0.883310529886594
0.64593545941202
0.965119939392765
0.109072459132587
-0.481488071482225
2.51858893528629
0.986410336985871
-1.4751726327719
-0.960312433178156
0.40600101817896
-0.907320358516084
-0.653475342071618
0.560112767793468
0.376246226058464
0.0291956242059355
0.517882094987981
-0.354162148145522
-1.1589846992389
-0.549886605222329
0.825932811335338
-0.001850265929488
1.9660784263034
0.279689668068454
-0.707066405609291
0.127943845767633
0.568164269611168
-2.63271773787275
-0.872814408969293
0.951880453746733
1.42379528429593
2.5103309167462
-0.60324487438602
1.77217459027254
-3.09883685747988
1.27740801154851
-0.753941677093951
3.34215236141342
-0.072796002313382
0.650736881590841
0.600244557268992
0.363346615257253
-0.245114753218436
-0.721417130834733
2.1318631498534
0.892552413575296
-1.43059975715564
1.54912380269548
0.920451314658199
-1.7814316473133
0.33188894055107
-0.129561351484196
0.534981655385144
0.438633262956889
-1.3816677575214
-0.855545731022529
-1.55356835472285
-0.831086246880539
-1.30829176310242
-0.0117415409598174
1.35491037925112
-3.09019423555004
1.83042095129026
0.239171576525849
0.182474357734333
1.56769904116563
-0.244711666840115
2.44597866530347
1.15557647888899
-0.944991620153225
-0.0636192306133685
0.315137737151408
-0.996012911708515
-1.58179538838232
2.54206810910836
0.741992742465641
0.0875189597564252
0.855165104843489
-0.474555716079505
1.22822925359727
-0.397710561430513
2.53344978541532
1.23486637943744
-0.0727285512967323
-1.05019009001093
-1.18052096956537
-0.195910665420308
2.45192294388612
1.62917732653719
-0.0780535299040395
1.56307072716919
0.0837936963466862
1.98511155746429
1.48108766728125
1.35733488577474
2.11963774870805
1.74564364307169
-0.259840571989047
0.962171415219439
1.30371227044581
-0.286022241715214
0.305739555232929
-0.857441710474397
-0.120726733018889
1.14248515309098
1.49220301032875
1.4087649092395
0.565586676729144
1.17702048886595
-1.69030051302953
-0.975834105550522
-0.378832371179058
-0.342989675121173
-0.620264159545928
-0.882936764966717
0.185845777037038
-1.00240606031759
0.431515360490046
0.537627508748302
1.07592842200373
-0.0894669409630111
2.36058058699573
-1.33572710637392
-1.21335608831731
-1.20453066829577
0.290928838297793
1.4993881484887
-0.675199520110092
1.6077611232502
1.16645587922914
-0.0140406394368705
0.0401907287635648
0.684049413287707
0.795397679345547
1.76719412700689
1.03807552556298
-1.52179757689783
0.187415570879873
-0.465340600395412
1.41655834262905
1.92643696510739
-0.15832719262051
0.489317757677524
0.860281237255279
1.32964242921449
-0.135255083648262
0.0120899273259251
0.208495046308723
-0.735649653410518
-0.0448136321167721
2.14300558081198
0.905971951058429
-2.1184551009995
1.96354835187656
-0.723857046525417
-2.97414331688973
1.19774232958944
0.49226962009883
1.70312412472634
-0.166922062088641
-1.52107226775548
-0.375622805299667
-0.678397069031414
1.23624896603158
0.618657243021877
3.53249649317853
0.855755331575753
0.825407953456444
-0.394560740405917
0.0944264008118469
-1.99383082028921
0.366379205960999
0.384021539299189
1.97041414692597
-0.705083654005298
-0.740394078540812
-1.84689138339237
-0.326057519050563
-1.08879094564617
-0.93283538342497
-1.06108314316071
-1.13167540545417
-0.476521042000742
0.569702741952922
0.18119837517173
-0.782585444650606
0.377628884151355
-0.47665960895255
-0.0541549602139266
0.91863059342109
1.76970728836601
1.67837604374777
-0.0869104781063157
2.35220037829234
0.286589396762488
-0.758305131257581
1.63556284887037
1.30781279955605
-1.10179458947595
1.49826204431919
0.449157667397986
-2.22475827705465
-0.748971284044764
0.281967444666656
1.39917989414344
0.761483772919206
1.71216250584456
0.10954789738504
0.195844882418098
-0.922109652193408
0.833121559862612
1.64225034949293
-0.931804653937448
1.64080568543203
1.21019918350235
1.9075854771401
2.62775179495954
-0.342623262647659
1.44967856441746
0.318671901246301
0.851105904957972
0.162978662150797
-1.67195367253104
1.51773191243011
0.36392775408637
-1.48028290169717
0.252073894740247
-0.74700555659245
-0.770733233396127
-0.477618055695124
1.42541514670323
0.487134762384069
-0.128682520416915
0.284945987550503
1.01114408675748
-0.230675863156469
1.03745872610049
0.161941222295021
2.51379437974654
-0.455619404826255
-0.828455630406428
-0.992055863370252
0.717471446185828
1.21246904099029
1.19124307418477
0.672948218231876
1.55530007153874
2.02052737087812
-0.368264616593087
-0.667438153756414
-0.874242880193717
0.387731165520389
-1.58204543279864
0.686487164395111
0.99500597051352
-0.688175755405268
0.626021607787663
-0.682187718296205
1.22665128665941
0.694597255728015
0.0456720701917377
-1.52685238555647
1.7644666732791
0.0984750425010336
-0.820261357077727
0.255817925194458
0.999261824808457
-1.29565007154124
1.45297966043521
-0.346170580808147
0.493866990034969
-0.0368109995089208
1.34777330451825
0.297009711068217
-0.999941087365819
-0.775739364618279
1.73664421372539
-0.505903005886349
-1.15877377226916
1.14918943268993
-0.458577712667501
0.163623615968901
-0.471599887061864
0.288534208284706
-0.249409646637183
0.484338146862389
-2.06304350609962
0.883608152762177
0.507685483956024
-0.931582664140361
1.33035311427262
-0.0584845413478739
0.411178170974758
1.36402517690093
-1.61242035436445
0.312854361770484
0.430635912484092
0.212745681316714
0.345744877517604
1.41560146348672
-1.52940404549365
2.00676457603415
1.30088066293884
-2.29290790731984
-0.344947955656285
1.75674518479919
0.75483544345183
1.20005599160734
0.410248051418401
1.04225661951263
0.523143473533946
1.10334618542034
0.883953114076704
1.37128618378714
1.88230421810412
-0.473437185671972
-0.00558203898393128
1.39895909812616
-0.118964678577867
-0.356077407065904
1.40365849652074
-0.0786503004914104
-1.27781058451439
-1.97173010482538
-0.725202415804035
1.90072198793153
0.592897197317713
-0.5069008837935
